9	 20
 Node#	 Xpos	 Ypos	 Bit	OI	BL	MaxI	PrefD	Skew	Kurtosis	h11	 h12	 h21	 h22	
1	0.00	0.00	1	0.879	3	65520	77.92	0.957	-0.633	       16283.059	18415.604	  18415.604	  98375.787	
2	0.00	0.10	1	0.883	3	65520	51.95	0.957	-0.633	       46423.459	43998.023	  43998.023	  68199.364	
3	0.00	0.20	1	0.882	3	65520	56.92	0.957	-0.633	       39036.399	41383.776	  41383.776	  75604.585	
4	0.00	0.30	1	0.882	3	65520	60.91	0.957	-0.633	       33509.972	38392.871	  38392.871	  81139.249	
5	0.00	0.40	1	0.881	3	65520	64.90	0.957	-0.633	       28443.499	34664.430	  34664.430	  86210.487	
6	0.00	0.50	1	0.880	3	65520	68.90	0.957	-0.633	       23937.029	30271.022	  30271.022	  90719.592	
7	0.00	0.60	1	0.880	3	65520	73.91	0.957	-0.633	       19225.299	23975.526	  23975.526	  95432.955	
8	0.00	0.70	1	0.879	3	65520	77.92	0.957	-0.633	       16283.059	18415.604	  18415.604	  98375.787	
9	0.00	0.80	1	0.879	3	65520	81.93	0.957	-0.633	       14139.430	12506.981	  12506.981	  100519.704	
10	0.10	0.00	1	0.884	3	65520	47.00	0.957	-0.633	       54127.256	45290.612	  45290.612	  60463.872	
11	0.10	0.10	1	0.883	3	65520	50.96	0.957	-0.633	       47946.487	44364.119	  44364.119	  66671.266	
12	0.10	0.20	1	0.883	3	65520	54.93	0.957	-0.633	       41938.152	42583.867	  42583.867	  72696.836	
13	0.10	0.30	1	0.882	3	65520	58.91	0.957	-0.633	       36222.343	39984.506	  39984.506	  78423.300	
14	0.10	0.40	1	0.881	3	65520	63.90	0.957	-0.633	       29661.340	35661.949	  35661.949	  84991.695	
15	0.10	0.50	1	0.880	3	65520	67.90	0.957	-0.633	       25006.087	31427.244	  31427.244	  89650.019	
16	0.10	0.60	1	0.880	3	65520	71.91	0.957	-0.633	       20978.490	26590.582	  26590.582	  93679.266	
17	0.10	0.70	1	0.879	3	65520	76.92	0.957	-0.633	       16945.735	19842.635	  19842.635	  97712.998	
18	0.10	0.80	1	0.879	3	65520	80.92	0.957	-0.633	       14597.902	14010.634	  14010.634	  100061.180	
19	0.20	0.00	1	0.885	3	65520	45.03	0.957	-0.633	       57243.600	45427.402	  45427.402	  57329.673	
20	0.20	0.10	1	0.884	3	65520	48.98	0.957	-0.633	       51023.013	44935.608	  44935.608	  63582.802	
21	0.20	0.20	1	0.883	3	65520	53.93	0.957	-0.633	       43417.407	43107.354	  43107.354	  71213.986	
22	0.20	0.30	1	0.882	3	65520	57.91	0.957	-0.633	       37617.521	40708.635	  40708.635	  77025.941	
23	0.20	0.40	1	0.881	3	65520	61.90	0.957	-0.633	       32196.148	37527.306	  37527.306	  82454.530	
24	0.20	0.50	1	0.881	3	65520	65.90	0.957	-0.633	       27260.714	33625.287	  33625.287	  87394.092	
25	0.20	0.60	1	0.880	3	65520	70.91	0.957	-0.633	       21921.989	27851.216	  27851.216	  92735.444	
26	0.20	0.70	1	0.880	3	65520	74.91	0.957	-0.633	       18417.760	22624.291	  22624.291	  96240.685	
27	0.20	0.80	1	0.879	3	65520	78.92	0.957	-0.633	       15670.375	16966.746	  16966.746	  98988.568	
28	0.30	0.00	1	0.885	3	65520	44.04	0.957	-0.633	       58801.411	45413.716	  45413.716	  55761.618	
29	0.30	0.10	1	0.884	3	65520	47.99	0.957	-0.633	       52572.644	45140.303	  45140.303	  62026.198	
30	0.30	0.20	1	0.883	3	65520	51.95	0.957	-0.633	       46423.459	43998.023	  43998.023	  68199.364	
31	0.30	0.30	1	0.882	3	65520	55.92	0.957	-0.633	       40477.210	42009.108	  42009.108	  74160.963	
32	0.30	0.40	1	0.882	3	65520	60.91	0.957	-0.633	       33509.972	38392.871	  38392.871	  81139.249	
33	0.30	0.50	1	0.881	3	65520	64.90	0.957	-0.633	       28443.499	34664.430	  34664.430	  86210.487	
34	0.30	0.60	1	0.880	3	65520	68.90	0.957	-0.633	       23937.029	30271.022	  30271.022	  90719.592	
35	0.30	0.70	1	0.880	3	65520	73.91	0.957	-0.633	       19225.299	23975.526	  23975.526	  95432.955	
36	0.30	0.80	1	0.879	3	65520	77.92	0.957	-0.633	       16283.059	18415.604	  18415.604	  98375.787	
37	0.40	0.00	1	0.885	3	65520	42.07	0.957	-0.633	       61906.494	45222.269	  45222.269	  52633.146	
38	0.40	0.10	1	0.884	3	65520	46.01	0.957	-0.633	       55684.892	45386.350	  45386.350	  58897.728	
39	0.40	0.20	1	0.883	3	65520	50.96	0.957	-0.633	       47946.487	44364.119	  44364.119	  66671.266	
40	0.40	0.30	1	0.883	3	65520	54.93	0.957	-0.633	       41938.152	42583.867	  42583.867	  72696.836	
41	0.40	0.40	1	0.882	3	65520	58.91	0.957	-0.633	       36222.343	39984.506	  39984.506	  78423.300	
42	0.40	0.50	1	0.881	3	65520	62.90	0.957	-0.633	       30912.744	36616.628	  36616.628	  83739.200	
43	0.40	0.60	1	0.880	3	65520	67.90	0.957	-0.633	       25006.087	31427.244	  31427.244	  89650.019	
44	0.40	0.70	1	0.880	3	65520	71.91	0.957	-0.633	       20978.490	26590.582	  26590.582	  93679.266	
45	0.40	0.80	1	0.880	3	65520	75.91	0.957	-0.633	       17657.594	21246.101	  21246.101	  97001.008	
46	0.50	0.00	1	0.885	3	65520	41.09	0.957	-0.633	       63449.852	45044.740	  45044.740	  51076.542	
47	0.50	0.10	1	0.885	3	65520	45.03	0.957	-0.633	       57243.600	45427.402	  45427.402	  57329.673	
48	0.50	0.20	1	0.884	3	65520	48.98	0.957	-0.633	       51023.013	44935.608	  44935.608	  63582.802	
49	0.50	0.30	1	0.883	3	65520	52.94	0.957	-0.633	       44913.133	43578.931	  43578.931	  69714.219	
50	0.50	0.40	1	0.882	3	65520	57.91	0.957	-0.633	       37617.521	40708.635	  40708.635	  77025.941	
51	0.50	0.50	1	0.881	3	65520	61.90	0.957	-0.633	       32196.148	37527.306	  37527.306	  82454.530	
52	0.50	0.60	1	0.881	3	65520	65.90	0.957	-0.633	       27260.714	33625.287	  33625.287	  87394.092	
53	0.50	0.70	1	0.880	3	65520	70.91	0.957	-0.633	       21921.989	27851.216	  27851.216	  92735.444	
54	0.50	0.80	1	0.880	3	65520	74.91	0.957	-0.633	       18417.760	22624.291	  22624.291	  96240.685	
55	0.60	0.00	1	0.885	3	65520	39.13	0.957	-0.633	       66508.492	44527.153	  44527.153	  47988.074	
56	0.60	0.10	1	0.885	3	65520	43.06	0.957	-0.633	       60356.359	45345.311	  45345.311	  54195.473	
57	0.60	0.20	1	0.884	3	65520	47.99	0.957	-0.633	       52572.644	45140.303	  45140.303	  62026.198	
58	0.60	0.30	1	0.883	3	65520	51.95	0.957	-0.633	       46423.459	43998.023	  43998.023	  68199.364	
59	0.60	0.40	1	0.882	3	65520	55.92	0.957	-0.633	       40477.210	42009.108	  42009.108	  74160.963	
60	0.60	0.50	1	0.882	3	65520	59.91	0.957	-0.633	       34852.595	39212.271	  39212.271	  79794.960	
61	0.60	0.60	1	0.881	3	65520	64.90	0.957	-0.633	       28443.499	34664.430	  34664.430	  86210.487	
62	0.60	0.70	1	0.880	3	65520	68.90	0.957	-0.633	       23937.029	30271.022	  30271.022	  90719.592	
63	0.60	0.80	1	0.880	3	65520	72.91	0.957	-0.633	       20079.225	25298.160	  25298.160	  94578.801	
64	0.70	0.00	1	0.886	3	65520	38.14	0.957	-0.633	       68019.932	44187.725	  44187.725	  46459.975	
65	0.70	0.10	1	0.885	3	65520	42.07	0.957	-0.633	       61906.494	45222.269	  45222.269	  52633.146	
66	0.70	0.20	1	0.884	3	65520	46.01	0.957	-0.633	       55684.892	45386.350	  45386.350	  58897.728	
67	0.70	0.30	1	0.884	3	65520	49.97	0.957	-0.633	       49480.311	44676.775	  44676.775	  65131.787	
68	0.70	0.40	1	0.883	3	65520	54.93	0.957	-0.633	       41938.152	42583.867	  42583.867	  72696.836	
69	0.70	0.50	1	0.882	3	65520	58.91	0.957	-0.633	       36222.343	39984.506	  39984.506	  78423.300	
70	0.70	0.60	1	0.881	3	65520	62.90	0.957	-0.633	       30912.744	36616.628	  36616.628	  83739.200	
71	0.70	0.70	1	0.880	3	65520	67.90	0.957	-0.633	       25006.087	31427.244	  31427.244	  89650.019	
72	0.70	0.80	1	0.880	3	65520	71.91	0.957	-0.633	       20978.490	26590.582	  26590.582	  93679.266	
73	0.80	0.00	1	0.886	3	65520	36.19	0.957	-0.633	       70997.574	43349.668	  43349.668	  43445.349	
74	0.80	0.10	1	0.885	3	65520	40.11	0.957	-0.633	       64984.492	44812.940	  44812.940	  49527.555	
75	0.80	0.20	1	0.885	3	65520	45.03	0.957	-0.633	       57243.600	45427.402	  45427.402	  57329.673	
76	0.80	0.30	1	0.884	3	65520	48.98	0.957	-0.633	       51023.013	44935.608	  44935.608	  63582.802	
77	0.80	0.40	1	0.883	3	65520	52.94	0.957	-0.633	       44913.133	43578.931	  43578.931	  69714.219	
78	0.80	0.50	1	0.882	3	65520	56.92	0.957	-0.633	       39036.399	41383.776	  41383.776	  75604.585	
79	0.80	0.60	1	0.881	3	65520	61.90	0.957	-0.633	       32196.148	37527.306	  37527.306	  82454.530	
80	0.80	0.70	1	0.881	3	65520	65.90	0.957	-0.633	       27260.714	33625.287	  33625.287	  87394.092	
81	0.80	0.80	1	0.880	3	65520	69.90	0.957	-0.633	       22908.573	29078.528	  29078.528	  91748.485	
82	0.90	0.00	1	0.886	3	65520	35.21	0.957	-0.633	       72460.059	42852.061	  42852.061	  41962.497	
83	0.90	0.10	1	0.885	3	65520	39.13	0.957	-0.633	       66508.492	44527.153	  44527.153	  47988.074	
84	0.90	0.20	1	0.885	3	65520	43.06	0.957	-0.633	       60356.359	45345.311	  45345.311	  54195.473	
85	0.90	0.30	1	0.884	3	65520	47.00	0.957	-0.633	       54127.256	45290.612	  45290.612	  60463.872	
86	0.90	0.40	1	0.883	3	65520	51.95	0.957	-0.633	       46423.459	43998.023	  43998.023	  68199.364	
87	0.90	0.50	1	0.882	3	65520	55.92	0.957	-0.633	       40477.210	42009.108	  42009.108	  74160.963	
88	0.90	0.60	1	0.882	3	65520	59.91	0.957	-0.633	       34852.595	39212.271	  39212.271	  79794.960	
89	0.90	0.70	1	0.881	3	65520	64.90	0.957	-0.633	       28443.499	34664.430	  34664.430	  86210.487	
90	0.90	0.80	1	0.880	3	65520	68.90	0.957	-0.633	       23937.029	30271.022	  30271.022	  90719.592	
91	1.00	0.00	1	0.886	3	65520	33.25	0.957	-0.633	       75323.255	41702.717	  41702.717	  39054.742	
92	1.00	0.10	1	0.886	3	65520	37.16	0.957	-0.633	       69516.917	43795.071	  43795.071	  44945.118	
93	1.00	0.20	1	0.885	3	65520	42.07	0.957	-0.633	       61906.494	45222.269	  45222.269	  52633.146	
94	1.00	0.30	1	0.884	3	65520	46.01	0.957	-0.633	       55684.892	45386.350	  45386.350	  58897.728	
95	1.00	0.40	1	0.884	3	65520	49.97	0.957	-0.633	       49480.311	44676.775	  44676.775	  65131.787	
96	1.00	0.50	1	0.883	3	65520	53.93	0.957	-0.633	       43417.407	43107.354	  43107.354	  71213.986	
97	1.00	0.60	1	0.882	3	65520	58.91	0.957	-0.633	       36222.343	39984.506	  39984.506	  78423.300	
98	1.00	0.70	1	0.881	3	65520	62.90	0.957	-0.633	       30912.744	36616.628	  36616.628	  83739.200	
99	1.00	0.80	1	0.881	3	65520	66.90	0.957	-0.633	       26114.435	32545.787	  32545.787	  88541.069	
100	1.10	0.00	1	0.886	3	65520	32.27	0.957	-0.633	       76720.433	41052.382	  41052.382	  37633.383	
101	1.10	0.10	1	0.886	3	65520	36.19	0.957	-0.633	       70997.574	43349.668	  43349.668	  43445.349	
102	1.10	0.20	1	0.885	3	65520	40.11	0.957	-0.633	       64984.492	44812.940	  44812.940	  49527.555	
103	1.10	0.30	1	0.885	3	65520	44.04	0.957	-0.633	       58801.411	45413.716	  45413.716	  55761.618	
104	1.10	0.40	1	0.884	3	65520	48.98	0.957	-0.633	       51023.013	44935.608	  44935.608	  63582.802	
105	1.10	0.50	1	0.883	3	65520	52.94	0.957	-0.633	       44913.133	43578.931	  43578.931	  69714.219	
106	1.10	0.60	1	0.882	3	65520	56.92	0.957	-0.633	       39036.399	41383.776	  41383.776	  75604.585	
107	1.10	0.70	1	0.881	3	65520	61.90	0.957	-0.633	       32196.148	37527.306	  37527.306	  82454.530	
108	1.10	0.80	1	0.881	3	65520	65.90	0.957	-0.633	       27260.714	33625.287	  33625.287	  87394.092	
109	1.20	0.00	1	0.886	3	65520	30.32	0.957	-0.633	       79437.378	39604.344	  39604.344	  34864.356	
110	1.20	0.10	1	0.886	3	65520	34.23	0.957	-0.633	       73902.547	42302.854	  42302.854	  40498.366	
111	1.20	0.20	1	0.885	3	65520	39.13	0.957	-0.633	       66508.492	44527.153	  44527.153	  47988.074	
112	1.20	0.30	1	0.885	3	65520	43.06	0.957	-0.633	       60356.359	45345.311	  45345.311	  54195.473	
113	1.20	0.40	1	0.884	3	65520	47.00	0.957	-0.633	       54127.256	45290.612	  45290.612	  60463.872	
114	1.20	0.50	1	0.883	3	65520	50.96	0.957	-0.633	       47946.487	44364.119	  44364.119	  66671.266	
115	1.20	0.60	1	0.882	3	65520	55.92	0.957	-0.633	       40477.210	42009.108	  42009.108	  74160.963	
116	1.20	0.70	1	0.882	3	65520	59.91	0.957	-0.633	       34852.595	39212.271	  39212.271	  79794.960	
117	1.20	0.80	1	0.881	3	65520	63.90	0.957	-0.633	       29661.340	35661.949	  35661.949	  84991.695	
118	1.30	0.00	1	0.886	3	65520	29.34	0.957	-0.633	       80753.834	38808.406	  38808.406	  33520.063	
119	1.30	0.10	1	0.886	3	65520	33.25	0.957	-0.633	       75323.255	41702.717	  41702.717	  39054.742	
120	1.30	0.20	1	0.886	3	65520	37.16	0.957	-0.633	       69516.917	43795.071	  43795.071	  44945.118	
121	1.30	0.30	1	0.885	3	65520	41.09	0.957	-0.633	       63449.852	45044.740	  45044.740	  51076.542	
122	1.30	0.40	1	0.884	3	65520	46.01	0.957	-0.633	       55684.892	45386.350	  45386.350	  58897.728	
123	1.30	0.50	1	0.884	3	65520	49.97	0.957	-0.633	       49480.311	44676.775	  44676.775	  65131.787	
124	1.30	0.60	1	0.883	3	65520	53.93	0.957	-0.633	       43417.407	43107.354	  43107.354	  71213.986	
125	1.30	0.70	1	0.882	3	65520	58.91	0.957	-0.633	       36222.343	39984.506	  39984.506	  78423.300	
126	1.30	0.80	1	0.881	3	65520	62.90	0.957	-0.633	       30912.744	36616.628	  36616.628	  83739.200	
127	1.40	0.00	1	0.886	3	65520	27.38	0.957	-0.633	       83294.801	37077.538	  37077.538	  30920.104	
128	1.40	0.10	1	0.886	3	65520	31.29	0.957	-0.633	       78092.366	40352.640	  40352.640	  36236.020	
129	1.40	0.20	1	0.886	3	65520	36.19	0.957	-0.633	       70997.574	43349.668	  43349.668	  43445.349	
130	1.40	0.30	1	0.885	3	65520	40.11	0.957	-0.633	       64984.492	44812.940	  44812.940	  49527.555	
131	1.40	0.40	1	0.885	3	65520	44.04	0.957	-0.633	       58801.411	45413.716	  45413.716	  55761.618	
132	1.40	0.50	1	0.884	3	65520	47.99	0.957	-0.633	       52572.644	45140.303	  45140.303	  62026.198	
133	1.40	0.60	1	0.883	3	65520	52.94	0.957	-0.633	       44913.133	43578.931	  43578.931	  69714.219	
134	1.40	0.70	1	0.882	3	65520	56.92	0.957	-0.633	       39036.399	41383.776	  41383.776	  75604.585	
135	1.40	0.80	1	0.882	3	65520	60.91	0.957	-0.633	       33509.972	38392.871	  38392.871	  81139.249	
136	1.50	0.00	1	0.886	3	65520	26.41	0.957	-0.633	       84516.285	36144.717	  36144.717	  29667.605	
137	1.50	0.10	1	0.886	3	65520	30.32	0.957	-0.633	       79437.378	39604.344	  39604.344	  34864.356	
138	1.50	0.20	1	0.886	3	65520	34.23	0.957	-0.633	       73902.547	42302.854	  42302.854	  40498.366	
139	1.50	0.30	1	0.886	3	65520	38.14	0.957	-0.633	       68019.932	44187.725	  44187.725	  46459.975	
140	1.50	0.40	1	0.885	3	65520	43.06	0.957	-0.633	       60356.359	45345.311	  45345.311	  54195.473	
141	1.50	0.50	1	0.884	3	65520	47.00	0.957	-0.633	       54127.256	45290.612	  45290.612	  60463.872	
142	1.50	0.60	1	0.883	3	65520	50.96	0.957	-0.633	       47946.487	44364.119	  44364.119	  66671.266	
143	1.50	0.70	1	0.882	3	65520	55.92	0.957	-0.633	       40477.210	42009.108	  42009.108	  74160.963	
144	1.50	0.80	1	0.882	3	65520	59.91	0.957	-0.633	       34852.595	39212.271	  39212.271	  79794.960	
145	1.60	0.00	1	0.885	3	65520	24.45	0.957	-0.633	       86854.072	34149.984	  34149.984	  27265.197	
146	1.60	0.10	1	0.886	3	65520	28.36	0.957	-0.633	       82040.155	37965.795	  37965.795	  32204.778	
147	1.60	0.20	1	0.886	3	65520	33.25	0.957	-0.633	       75323.255	41702.717	  41702.717	  39054.742	
148	1.60	0.30	1	0.886	3	65520	37.16	0.957	-0.633	       69516.917	43795.071	  43795.071	  44945.118	
149	1.60	0.40	1	0.885	3	65520	41.09	0.957	-0.633	       63449.852	45044.740	  45044.740	  51076.542	
150	1.60	0.50	1	0.885	3	65520	45.03	0.957	-0.633	       57243.600	45427.402	  45427.402	  57329.673	
151	1.60	0.60	1	0.884	3	65520	49.97	0.957	-0.633	       49480.311	44676.775	  44676.775	  65131.787	
152	1.60	0.70	1	0.883	3	65520	53.93	0.957	-0.633	       43417.407	43107.354	  43107.354	  71213.986	
153	1.60	0.80	1	0.882	3	65520	57.91	0.957	-0.633	       37617.521	40708.635	  40708.635	  77025.941	
154	1.70	0.00	1	0.885	3	65520	23.47	0.957	-0.633	       87967.683	33090.501	  33090.501	  26118.216	
155	1.70	0.10	1	0.886	3	65520	27.38	0.957	-0.633	       83294.801	37077.538	  37077.538	  30920.104	
156	1.70	0.20	1	0.886	3	65520	31.29	0.957	-0.633	       78092.366	40352.640	  40352.640	  36236.020	
157	1.70	0.30	1	0.886	3	65520	35.21	0.957	-0.633	       72460.059	42852.061	  42852.061	  41962.497	
158	1.70	0.40	1	0.885	3	65520	40.11	0.957	-0.633	       64984.492	44812.940	  44812.940	  49527.555	
159	1.70	0.50	1	0.885	3	65520	44.04	0.957	-0.633	       58801.411	45413.716	  45413.716	  55761.618	
160	1.70	0.60	1	0.884	3	65520	47.99	0.957	-0.633	       52572.644	45140.303	  45140.303	  62026.198	
161	1.70	0.70	1	0.883	3	65520	52.94	0.957	-0.633	       44913.133	43578.931	  43578.931	  69714.219	
162	1.70	0.80	1	0.882	3	65520	56.92	0.957	-0.633	       39036.399	41383.776	  41383.776	  75604.585	
163	1.80	0.00	1	0.885	3	65520	21.51	0.957	-0.633	       90077.983	30853.756	  30853.756	  23939.682	
164	1.80	0.10	1	0.885	3	65520	25.43	0.957	-0.633	       85703.169	35168.469	  35168.469	  28448.808	
165	1.80	0.20	1	0.886	3	65520	30.32	0.957	-0.633	       79437.378	39604.344	  39604.344	  34864.356	
166	1.80	0.30	1	0.886	3	65520	34.23	0.957	-0.633	       73902.547	42302.854	  42302.854	  40498.366	
167	1.80	0.40	1	0.886	3	65520	38.14	0.957	-0.633	       68019.932	44187.725	  44187.725	  46459.975	
168	1.80	0.50	1	0.885	3	65520	42.07	0.957	-0.633	       61906.494	45222.269	  45222.269	  52633.146	
169	1.80	0.60	1	0.884	3	65520	47.00	0.957	-0.633	       54127.256	45290.612	  45290.612	  60463.872	
170	1.80	0.70	1	0.883	3	65520	50.96	0.957	-0.633	       47946.487	44364.119	  44364.119	  66671.266	
171	1.80	0.80	1	0.883	3	65520	54.93	0.957	-0.633	       41938.152	42583.867	  42583.867	  72696.836	
172	1.90	0.00	1	0.885	3	65520	20.53	0.957	-0.633	       91072.314	29679.219	  29679.219	  22910.785	
173	1.90	0.10	1	0.885	3	65520	24.45	0.957	-0.633	       86854.072	34149.984	  34149.984	  27265.197	
174	1.90	0.20	1	0.886	3	65520	28.36	0.957	-0.633	       82040.155	37965.795	  37965.795	  32204.778	
175	1.90	0.30	1	0.886	3	65520	32.27	0.957	-0.633	       76720.433	41052.382	  41052.382	  37633.383	
176	1.90	0.40	1	0.886	3	65520	37.16	0.957	-0.633	       69516.917	43795.071	  43795.071	  44945.118	
177	1.90	0.50	1	0.885	3	65520	41.09	0.957	-0.633	       63449.852	45044.740	  45044.740	  51076.542	
178	1.90	0.60	1	0.885	3	65520	45.03	0.957	-0.633	       57243.600	45427.402	  45427.402	  57329.673	
179	1.90	0.70	1	0.884	3	65520	49.97	0.957	-0.633	       49480.311	44676.775	  44676.775	  65131.787	
180	1.90	0.80	1	0.883	3	65520	53.93	0.957	-0.633	       43417.407	43107.354	  43107.354	  71213.986	
