9	 20
 Node#	 Xpos	 Ypos	 Bit	OI	BL	MaxI	PrefD	Skew	Kurtosis	H1111	H2211	H1112	H2212	H1122	H2222	Xn 	Yn 	H1n 	H2n 	H3n 	H4n 	H5n 	H6n
1	 0.00	 0.00	 1	 0.879	 3	 65520	 77.92	 0.957	 -0.633	 0.048	 0.093	 0.043	 0.110	 0.093	 0.767	 -0.00	 0.80	 0.048	 0.093	 0.043	 0.110	 0.093	 0.767 
2	 0.00	 0.10	 1	 0.883	 3	 65520	 51.95	 0.957	 -0.633	 0.235	 0.166	 0.167	 0.212	 0.166	 0.433	 -0.00	 0.70	 0.235	 0.166	 0.167	 0.212	 0.166	 0.433 
3	 0.00	 0.20	 1	 0.882	 3	 65520	 56.92	 0.957	 -0.633	 0.181	 0.155	 0.142	 0.213	 0.155	 0.508	 -0.00	 0.60	 0.181	 0.155	 0.142	 0.213	 0.155	 0.508 
4	 0.00	 0.30	 1	 0.882	 3	 65520	 60.91	 0.957	 -0.633	 0.144	 0.144	 0.122	 0.207	 0.144	 0.567	 -0.00	 0.50	 0.144	 0.144	 0.122	 0.207	 0.144	 0.567 
5	 0.00	 0.40	 1	 0.881	 3	 65520	 64.90	 0.957	 -0.633	 0.113	 0.132	 0.102	 0.194	 0.132	 0.623	 -0.00	 0.40	 0.113	 0.132	 0.102	 0.194	 0.132	 0.623 
6	 0.00	 0.50	 1	 0.880	 3	 65520	 68.90	 0.957	 -0.633	 0.087	 0.119	 0.083	 0.175	 0.119	 0.675	 -0.00	 0.30	 0.087	 0.119	 0.083	 0.175	 0.119	 0.675 
7	 0.00	 0.60	 1	 0.880	 3	 65520	 73.91	 0.957	 -0.633	 0.062	 0.103	 0.060	 0.142	 0.103	 0.731	 -0.00	 0.20	 0.062	 0.103	 0.060	 0.142	 0.103	 0.731 
8	 0.00	 0.70	 1	 0.879	 3	 65520	 77.92	 0.957	 -0.633	 0.048	 0.093	 0.043	 0.110	 0.093	 0.767	 -0.00	 0.10	 0.048	 0.093	 0.043	 0.110	 0.093	 0.767 
9	 0.00	 0.80	 1	 0.879	 3	 65520	 81.93	 0.957	 -0.633	 0.038	 0.085	 0.027	 0.074	 0.085	 0.793	 -0.00	 -0.00	 0.038	 0.085	 0.027	 0.074	 0.085	 0.793 
10	 0.10	 0.00	 1	 0.884	 3	 65520	 47.00	 0.957	 -0.633	 0.297	 0.171	 0.188	 0.202	 0.171	 0.360	 0.10	 0.80	 0.297	 0.171	 0.188	 0.202	 0.171	 0.360 
11	 0.10	 0.10	 1	 0.883	 3	 65520	 50.96	 0.957	 -0.633	 0.247	 0.167	 0.171	 0.211	 0.167	 0.418	 0.10	 0.70	 0.247	 0.167	 0.171	 0.211	 0.167	 0.418 
12	 0.10	 0.20	 1	 0.883	 3	 65520	 54.93	 0.957	 -0.633	 0.202	 0.160	 0.152	 0.214	 0.160	 0.478	 0.10	 0.60	 0.202	 0.160	 0.152	 0.214	 0.160	 0.478 
13	 0.10	 0.30	 1	 0.882	 3	 65520	 58.91	 0.957	 -0.633	 0.162	 0.150	 0.132	 0.211	 0.150	 0.537	 0.10	 0.50	 0.162	 0.150	 0.132	 0.211	 0.150	 0.537 
14	 0.10	 0.40	 1	 0.881	 3	 65520	 63.90	 0.957	 -0.633	 0.120	 0.135	 0.107	 0.198	 0.135	 0.609	 0.10	 0.40	 0.120	 0.135	 0.107	 0.198	 0.135	 0.609 
15	 0.10	 0.50	 1	 0.880	 3	 65520	 67.90	 0.957	 -0.633	 0.093	 0.122	 0.087	 0.180	 0.122	 0.663	 0.10	 0.30	 0.093	 0.122	 0.087	 0.180	 0.122	 0.663 
16	 0.10	 0.60	 1	 0.880	 3	 65520	 71.91	 0.957	 -0.633	 0.071	 0.109	 0.069	 0.157	 0.109	 0.710	 0.10	 0.20	 0.071	 0.109	 0.069	 0.157	 0.109	 0.710 
17	 0.10	 0.70	 1	 0.879	 3	 65520	 76.92	 0.957	 -0.633	 0.051	 0.095	 0.047	 0.119	 0.095	 0.759	 0.10	 0.10	 0.051	 0.095	 0.047	 0.119	 0.095	 0.759 
18	 0.10	 0.80	 1	 0.879	 3	 65520	 80.92	 0.957	 -0.633	 0.040	 0.086	 0.031	 0.084	 0.086	 0.787	 0.10	 -0.00	 0.040	 0.086	 0.031	 0.084	 0.086	 0.787 
19	 0.20	 0.00	 1	 0.885	 3	 65520	 45.03	 0.957	 -0.633	 0.324	 0.172	 0.195	 0.197	 0.172	 0.332	 0.20	 0.80	 0.324	 0.172	 0.195	 0.197	 0.172	 0.332 
20	 0.20	 0.10	 1	 0.884	 3	 65520	 48.98	 0.957	 -0.633	 0.272	 0.170	 0.180	 0.207	 0.170	 0.389	 0.20	 0.70	 0.272	 0.170	 0.180	 0.207	 0.170	 0.389 
21	 0.20	 0.20	 1	 0.883	 3	 65520	 53.93	 0.957	 -0.633	 0.213	 0.162	 0.157	 0.214	 0.162	 0.463	 0.20	 0.60	 0.213	 0.162	 0.157	 0.213	 0.162	 0.463 
22	 0.20	 0.30	 1	 0.882	 3	 65520	 57.91	 0.957	 -0.633	 0.172	 0.153	 0.137	 0.212	 0.153	 0.523	 0.20	 0.50	 0.172	 0.153	 0.137	 0.212	 0.153	 0.522 
23	 0.20	 0.40	 1	 0.881	 3	 65520	 61.90	 0.957	 -0.633	 0.136	 0.141	 0.117	 0.204	 0.141	 0.581	 0.20	 0.40	 0.136	 0.141	 0.117	 0.204	 0.141	 0.581 
24	 0.20	 0.50	 1	 0.881	 3	 65520	 65.90	 0.957	 -0.633	 0.106	 0.129	 0.097	 0.190	 0.129	 0.637	 0.20	 0.30	 0.106	 0.129	 0.097	 0.190	 0.129	 0.637 
25	 0.20	 0.60	 1	 0.880	 3	 65520	 70.91	 0.957	 -0.633	 0.076	 0.112	 0.073	 0.163	 0.112	 0.699	 0.20	 0.20	 0.076	 0.112	 0.073	 0.163	 0.112	 0.699 
26	 0.20	 0.70	 1	 0.880	 3	 65520	 74.91	 0.957	 -0.633	 0.058	 0.101	 0.056	 0.135	 0.101	 0.741	 0.20	 0.10	 0.058	 0.101	 0.056	 0.135	 0.101	 0.741 
27	 0.20	 0.80	 1	 0.879	 3	 65520	 78.92	 0.957	 -0.633	 0.045	 0.090	 0.039	 0.102	 0.090	 0.774	 0.20	 -0.00	 0.045	 0.090	 0.039	 0.102	 0.090	 0.774 
28	 0.30	 0.00	 1	 0.885	 3	 65520	 44.04	 0.957	 -0.633	 0.338	 0.172	 0.198	 0.193	 0.172	 0.319	 0.30	 0.80	 0.338	 0.172	 0.198	 0.193	 0.172	 0.319 
29	 0.30	 0.10	 1	 0.884	 3	 65520	 47.99	 0.957	 -0.633	 0.284	 0.171	 0.184	 0.205	 0.171	 0.374	 0.30	 0.70	 0.284	 0.171	 0.184	 0.205	 0.171	 0.374 
30	 0.30	 0.20	 1	 0.883	 3	 65520	 51.95	 0.957	 -0.633	 0.235	 0.166	 0.167	 0.212	 0.166	 0.433	 0.30	 0.60	 0.235	 0.166	 0.167	 0.212	 0.166	 0.433 
31	 0.30	 0.30	 1	 0.882	 3	 65520	 55.92	 0.957	 -0.633	 0.192	 0.158	 0.147	 0.214	 0.158	 0.493	 0.30	 0.50	 0.192	 0.158	 0.147	 0.214	 0.158	 0.493 
32	 0.30	 0.40	 1	 0.882	 3	 65520	 60.91	 0.957	 -0.633	 0.144	 0.144	 0.122	 0.207	 0.144	 0.567	 0.30	 0.40	 0.144	 0.144	 0.122	 0.207	 0.144	 0.567 
33	 0.30	 0.50	 1	 0.881	 3	 65520	 64.90	 0.957	 -0.633	 0.113	 0.132	 0.102	 0.194	 0.132	 0.623	 0.30	 0.30	 0.113	 0.132	 0.102	 0.194	 0.132	 0.623 
34	 0.30	 0.60	 1	 0.880	 3	 65520	 68.90	 0.957	 -0.633	 0.087	 0.119	 0.083	 0.175	 0.119	 0.675	 0.30	 0.20	 0.087	 0.119	 0.083	 0.175	 0.119	 0.675 
35	 0.30	 0.70	 1	 0.880	 3	 65520	 73.91	 0.957	 -0.633	 0.062	 0.103	 0.060	 0.142	 0.103	 0.731	 0.30	 0.10	 0.062	 0.103	 0.060	 0.142	 0.103	 0.731 
36	 0.30	 0.80	 1	 0.879	 3	 65520	 77.92	 0.957	 -0.633	 0.048	 0.093	 0.043	 0.110	 0.093	 0.767	 0.30	 -0.00	 0.048	 0.093	 0.043	 0.110	 0.093	 0.767 
37	 0.40	 0.00	 1	 0.885	 3	 65520	 42.07	 0.957	 -0.633	 0.366	 0.171	 0.204	 0.186	 0.171	 0.292	 0.40	 0.80	 0.366	 0.171	 0.204	 0.186	 0.171	 0.292 
38	 0.40	 0.10	 1	 0.884	 3	 65520	 46.01	 0.957	 -0.633	 0.311	 0.172	 0.192	 0.200	 0.172	 0.346	 0.40	 0.70	 0.311	 0.172	 0.192	 0.200	 0.172	 0.346 
39	 0.40	 0.20	 1	 0.883	 3	 65520	 50.96	 0.957	 -0.633	 0.247	 0.167	 0.171	 0.211	 0.167	 0.418	 0.40	 0.60	 0.247	 0.167	 0.171	 0.211	 0.167	 0.418 
40	 0.40	 0.30	 1	 0.883	 3	 65520	 54.93	 0.957	 -0.633	 0.202	 0.160	 0.152	 0.214	 0.160	 0.478	 0.40	 0.50	 0.202	 0.160	 0.152	 0.214	 0.160	 0.478 
41	 0.40	 0.40	 1	 0.882	 3	 65520	 58.91	 0.957	 -0.633	 0.162	 0.150	 0.132	 0.211	 0.150	 0.537	 0.40	 0.40	 0.162	 0.150	 0.132	 0.211	 0.150	 0.537 
42	 0.40	 0.50	 1	 0.881	 3	 65520	 62.90	 0.957	 -0.633	 0.128	 0.138	 0.112	 0.201	 0.138	 0.595	 0.40	 0.30	 0.128	 0.138	 0.112	 0.201	 0.138	 0.595 
43	 0.40	 0.60	 1	 0.880	 3	 65520	 67.90	 0.957	 -0.633	 0.093	 0.122	 0.087	 0.180	 0.122	 0.663	 0.40	 0.20	 0.093	 0.122	 0.087	 0.180	 0.122	 0.663 
44	 0.40	 0.70	 1	 0.880	 3	 65520	 71.91	 0.957	 -0.633	 0.071	 0.109	 0.069	 0.157	 0.109	 0.710	 0.40	 0.10	 0.071	 0.109	 0.069	 0.157	 0.109	 0.710 
45	 0.40	 0.80	 1	 0.880	 3	 65520	 75.91	 0.957	 -0.633	 0.054	 0.098	 0.051	 0.127	 0.098	 0.750	 0.40	 -0.00	 0.054	 0.098	 0.051	 0.127	 0.098	 0.750 
46	 0.50	 0.00	 1	 0.885	 3	 65520	 41.09	 0.957	 -0.633	 0.380	 0.170	 0.207	 0.182	 0.170	 0.279	 0.50	 0.80	 0.380	 0.170	 0.207	 0.182	 0.170	 0.279 
47	 0.50	 0.10	 1	 0.885	 3	 65520	 45.03	 0.957	 -0.633	 0.324	 0.172	 0.195	 0.197	 0.172	 0.332	 0.50	 0.70	 0.324	 0.172	 0.195	 0.197	 0.172	 0.332 
48	 0.50	 0.20	 1	 0.884	 3	 65520	 48.98	 0.957	 -0.633	 0.272	 0.170	 0.180	 0.207	 0.170	 0.389	 0.50	 0.60	 0.272	 0.170	 0.180	 0.207	 0.170	 0.389 
49	 0.50	 0.30	 1	 0.883	 3	 65520	 52.94	 0.957	 -0.633	 0.224	 0.164	 0.162	 0.213	 0.164	 0.448	 0.50	 0.50	 0.224	 0.164	 0.162	 0.213	 0.164	 0.448 
50	 0.50	 0.40	 1	 0.882	 3	 65520	 57.91	 0.957	 -0.633	 0.172	 0.153	 0.137	 0.212	 0.153	 0.523	 0.50	 0.40	 0.172	 0.153	 0.137	 0.212	 0.153	 0.522 
51	 0.50	 0.50	 1	 0.881	 3	 65520	 61.90	 0.957	 -0.633	 0.136	 0.141	 0.117	 0.204	 0.141	 0.581	 0.50	 0.30	 0.136	 0.141	 0.117	 0.204	 0.141	 0.581 
52	 0.50	 0.60	 1	 0.881	 3	 65520	 65.90	 0.957	 -0.633	 0.106	 0.129	 0.097	 0.190	 0.129	 0.637	 0.50	 0.20	 0.106	 0.129	 0.097	 0.190	 0.129	 0.637 
53	 0.50	 0.70	 1	 0.880	 3	 65520	 70.91	 0.957	 -0.633	 0.076	 0.112	 0.073	 0.163	 0.112	 0.699	 0.50	 0.10	 0.076	 0.112	 0.073	 0.163	 0.112	 0.699 
54	 0.50	 0.80	 1	 0.880	 3	 65520	 74.91	 0.957	 -0.633	 0.058	 0.101	 0.056	 0.135	 0.101	 0.741	 0.50	 -0.00	 0.058	 0.101	 0.056	 0.135	 0.101	 0.741 
55	 0.60	 0.00	 1	 0.885	 3	 65520	 39.13	 0.957	 -0.633	 0.409	 0.168	 0.211	 0.174	 0.168	 0.254	 0.60	 0.80	 0.409	 0.168	 0.211	 0.174	 0.168	 0.254 
56	 0.60	 0.10	 1	 0.885	 3	 65520	 43.06	 0.957	 -0.633	 0.352	 0.172	 0.201	 0.190	 0.172	 0.305	 0.60	 0.70	 0.352	 0.172	 0.201	 0.190	 0.172	 0.305 
57	 0.60	 0.20	 1	 0.884	 3	 65520	 47.99	 0.957	 -0.633	 0.284	 0.171	 0.184	 0.205	 0.171	 0.374	 0.60	 0.60	 0.284	 0.171	 0.184	 0.205	 0.171	 0.374 
58	 0.60	 0.30	 1	 0.883	 3	 65520	 51.95	 0.957	 -0.633	 0.235	 0.166	 0.167	 0.212	 0.166	 0.433	 0.60	 0.50	 0.235	 0.166	 0.167	 0.212	 0.166	 0.433 
59	 0.60	 0.40	 1	 0.882	 3	 65520	 55.92	 0.957	 -0.633	 0.192	 0.158	 0.147	 0.214	 0.158	 0.493	 0.60	 0.40	 0.192	 0.158	 0.147	 0.214	 0.158	 0.493 
60	 0.60	 0.50	 1	 0.882	 3	 65520	 59.91	 0.957	 -0.633	 0.153	 0.147	 0.127	 0.209	 0.147	 0.552	 0.60	 0.30	 0.153	 0.147	 0.127	 0.209	 0.147	 0.552 
61	 0.60	 0.60	 1	 0.881	 3	 65520	 64.90	 0.957	 -0.633	 0.113	 0.132	 0.102	 0.194	 0.132	 0.623	 0.60	 0.20	 0.113	 0.132	 0.102	 0.194	 0.132	 0.623 
62	 0.60	 0.70	 1	 0.880	 3	 65520	 68.90	 0.957	 -0.633	 0.087	 0.119	 0.083	 0.175	 0.119	 0.675	 0.60	 0.10	 0.087	 0.119	 0.083	 0.175	 0.119	 0.675 
63	 0.60	 0.80	 1	 0.880	 3	 65520	 72.91	 0.957	 -0.633	 0.067	 0.106	 0.064	 0.150	 0.106	 0.721	 0.60	 -0.00	 0.067	 0.106	 0.064	 0.150	 0.106	 0.721 
64	 0.70	 0.00	 1	 0.886	 3	 65520	 38.14	 0.957	 -0.633	 0.424	 0.167	 0.212	 0.169	 0.167	 0.243	 0.70	 0.80	 0.424	 0.167	 0.212	 0.169	 0.167	 0.242 
65	 0.70	 0.10	 1	 0.885	 3	 65520	 42.07	 0.957	 -0.633	 0.366	 0.171	 0.204	 0.186	 0.171	 0.292	 0.70	 0.70	 0.366	 0.171	 0.204	 0.186	 0.171	 0.292 
66	 0.70	 0.20	 1	 0.884	 3	 65520	 46.01	 0.957	 -0.633	 0.311	 0.172	 0.192	 0.200	 0.172	 0.346	 0.70	 0.60	 0.311	 0.172	 0.192	 0.200	 0.172	 0.346 
67	 0.70	 0.30	 1	 0.884	 3	 65520	 49.97	 0.957	 -0.633	 0.259	 0.169	 0.176	 0.209	 0.169	 0.403	 0.70	 0.50	 0.259	 0.169	 0.176	 0.209	 0.169	 0.403 
68	 0.70	 0.40	 1	 0.883	 3	 65520	 54.93	 0.957	 -0.633	 0.202	 0.160	 0.152	 0.214	 0.160	 0.478	 0.70	 0.40	 0.202	 0.160	 0.152	 0.214	 0.160	 0.478 
69	 0.70	 0.50	 1	 0.882	 3	 65520	 58.91	 0.957	 -0.633	 0.162	 0.150	 0.132	 0.211	 0.150	 0.537	 0.70	 0.30	 0.162	 0.150	 0.132	 0.211	 0.150	 0.537 
70	 0.70	 0.60	 1	 0.881	 3	 65520	 62.90	 0.957	 -0.633	 0.128	 0.138	 0.112	 0.201	 0.138	 0.595	 0.70	 0.20	 0.128	 0.138	 0.112	 0.201	 0.138	 0.595 
71	 0.70	 0.70	 1	 0.880	 3	 65520	 67.90	 0.957	 -0.633	 0.093	 0.122	 0.087	 0.180	 0.122	 0.663	 0.70	 0.10	 0.093	 0.122	 0.087	 0.180	 0.122	 0.663 
72	 0.70	 0.80	 1	 0.880	 3	 65520	 71.91	 0.957	 -0.633	 0.071	 0.109	 0.069	 0.157	 0.109	 0.710	 0.70	 -0.00	 0.071	 0.109	 0.069	 0.157	 0.109	 0.710 
73	 0.80	 0.00	 1	 0.886	 3	 65520	 36.19	 0.957	 -0.633	 0.453	 0.164	 0.214	 0.160	 0.164	 0.220	 0.80	 0.80	 0.453	 0.164	 0.214	 0.160	 0.164	 0.219 
74	 0.80	 0.10	 1	 0.885	 3	 65520	 40.11	 0.957	 -0.633	 0.394	 0.169	 0.209	 0.178	 0.169	 0.267	 0.80	 0.70	 0.394	 0.169	 0.209	 0.178	 0.169	 0.267 
75	 0.80	 0.20	 1	 0.885	 3	 65520	 45.03	 0.957	 -0.633	 0.324	 0.172	 0.195	 0.197	 0.172	 0.332	 0.80	 0.60	 0.324	 0.172	 0.195	 0.197	 0.172	 0.332 
76	 0.80	 0.30	 1	 0.884	 3	 65520	 48.98	 0.957	 -0.633	 0.272	 0.170	 0.180	 0.207	 0.170	 0.389	 0.80	 0.50	 0.272	 0.170	 0.180	 0.207	 0.170	 0.389 
77	 0.80	 0.40	 1	 0.883	 3	 65520	 52.94	 0.957	 -0.633	 0.224	 0.164	 0.162	 0.213	 0.164	 0.448	 0.80	 0.40	 0.224	 0.164	 0.162	 0.213	 0.164	 0.448 
78	 0.80	 0.50	 1	 0.882	 3	 65520	 56.92	 0.957	 -0.633	 0.181	 0.155	 0.142	 0.213	 0.155	 0.508	 0.80	 0.30	 0.181	 0.155	 0.142	 0.213	 0.155	 0.508 
79	 0.80	 0.60	 1	 0.881	 3	 65520	 61.90	 0.957	 -0.633	 0.136	 0.141	 0.117	 0.204	 0.141	 0.581	 0.80	 0.20	 0.136	 0.141	 0.117	 0.204	 0.141	 0.581 
80	 0.80	 0.70	 1	 0.881	 3	 65520	 65.90	 0.957	 -0.633	 0.106	 0.129	 0.097	 0.190	 0.129	 0.637	 0.80	 0.10	 0.106	 0.129	 0.097	 0.190	 0.129	 0.637 
81	 0.80	 0.80	 1	 0.880	 3	 65520	 69.90	 0.957	 -0.633	 0.082	 0.116	 0.078	 0.169	 0.116	 0.687	 0.80	 -0.00	 0.082	 0.116	 0.078	 0.169	 0.116	 0.687 
82	 0.90	 0.00	 1	 0.886	 3	 65520	 35.21	 0.957	 -0.633	 0.468	 0.162	 0.215	 0.155	 0.162	 0.209	 0.90	 0.80	 0.468	 0.162	 0.215	 0.155	 0.162	 0.208 
83	 0.90	 0.10	 1	 0.885	 3	 65520	 39.13	 0.957	 -0.633	 0.409	 0.168	 0.211	 0.174	 0.168	 0.254	 0.90	 0.70	 0.409	 0.168	 0.211	 0.174	 0.168	 0.254 
84	 0.90	 0.20	 1	 0.885	 3	 65520	 43.06	 0.957	 -0.633	 0.352	 0.172	 0.201	 0.190	 0.172	 0.305	 0.90	 0.60	 0.352	 0.172	 0.201	 0.190	 0.172	 0.305 
85	 0.90	 0.30	 1	 0.884	 3	 65520	 47.00	 0.957	 -0.633	 0.297	 0.171	 0.188	 0.202	 0.171	 0.360	 0.90	 0.50	 0.297	 0.171	 0.188	 0.202	 0.171	 0.360 
86	 0.90	 0.40	 1	 0.883	 3	 65520	 51.95	 0.957	 -0.633	 0.235	 0.166	 0.167	 0.212	 0.166	 0.433	 0.90	 0.40	 0.235	 0.166	 0.167	 0.212	 0.166	 0.433 
87	 0.90	 0.50	 1	 0.882	 3	 65520	 55.92	 0.957	 -0.633	 0.192	 0.158	 0.147	 0.214	 0.158	 0.493	 0.90	 0.30	 0.192	 0.158	 0.147	 0.214	 0.158	 0.493 
88	 0.90	 0.60	 1	 0.882	 3	 65520	 59.91	 0.957	 -0.633	 0.153	 0.147	 0.127	 0.209	 0.147	 0.552	 0.90	 0.20	 0.153	 0.147	 0.127	 0.209	 0.147	 0.552 
89	 0.90	 0.70	 1	 0.881	 3	 65520	 64.90	 0.957	 -0.633	 0.113	 0.132	 0.102	 0.194	 0.132	 0.623	 0.90	 0.10	 0.113	 0.132	 0.102	 0.194	 0.132	 0.623 
90	 0.90	 0.80	 1	 0.880	 3	 65520	 68.90	 0.957	 -0.633	 0.087	 0.119	 0.083	 0.175	 0.119	 0.675	 0.90	 -0.00	 0.087	 0.119	 0.083	 0.175	 0.119	 0.675 
91	 1.00	 0.00	 1	 0.886	 3	 65520	 33.25	 0.957	 -0.633	 0.498	 0.157	 0.215	 0.146	 0.157	 0.188	 1.00	 0.80	 0.498	 0.157	 0.215	 0.146	 0.157	 0.188 
92	 1.00	 0.10	 1	 0.886	 3	 65520	 37.16	 0.957	 -0.633	 0.438	 0.165	 0.214	 0.165	 0.165	 0.231	 1.00	 0.70	 0.438	 0.165	 0.214	 0.165	 0.165	 0.231 
93	 1.00	 0.20	 1	 0.885	 3	 65520	 42.07	 0.957	 -0.633	 0.366	 0.171	 0.204	 0.186	 0.171	 0.292	 1.00	 0.60	 0.366	 0.171	 0.204	 0.186	 0.171	 0.292 
94	 1.00	 0.30	 1	 0.884	 3	 65520	 46.01	 0.957	 -0.633	 0.311	 0.172	 0.192	 0.200	 0.172	 0.346	 1.00	 0.50	 0.311	 0.172	 0.192	 0.200	 0.172	 0.346 
95	 1.00	 0.40	 1	 0.884	 3	 65520	 49.97	 0.957	 -0.633	 0.259	 0.169	 0.176	 0.209	 0.169	 0.403	 1.00	 0.40	 0.259	 0.169	 0.176	 0.209	 0.169	 0.403 
96	 1.00	 0.50	 1	 0.883	 3	 65520	 53.93	 0.957	 -0.633	 0.213	 0.162	 0.157	 0.214	 0.162	 0.463	 1.00	 0.30	 0.213	 0.162	 0.157	 0.213	 0.162	 0.463 
97	 1.00	 0.60	 1	 0.882	 3	 65520	 58.91	 0.957	 -0.633	 0.162	 0.150	 0.132	 0.211	 0.150	 0.537	 1.00	 0.20	 0.162	 0.150	 0.132	 0.211	 0.150	 0.537 
98	 1.00	 0.70	 1	 0.881	 3	 65520	 62.90	 0.957	 -0.633	 0.128	 0.138	 0.112	 0.201	 0.138	 0.595	 1.00	 0.10	 0.128	 0.138	 0.112	 0.201	 0.138	 0.595 
99	 1.00	 0.80	 1	 0.881	 3	 65520	 66.90	 0.957	 -0.633	 0.099	 0.125	 0.092	 0.185	 0.125	 0.650	 1.00	 -0.00	 0.099	 0.125	 0.092	 0.185	 0.125	 0.650 
100	 1.10	 0.00	 1	 0.886	 3	 65520	 32.27	 0.957	 -0.633	 0.513	 0.155	 0.214	 0.141	 0.155	 0.178	 1.10	 0.80	 0.513	 0.155	 0.214	 0.141	 0.155	 0.178 
101	 1.10	 0.10	 1	 0.886	 3	 65520	 36.19	 0.957	 -0.633	 0.453	 0.164	 0.214	 0.160	 0.164	 0.220	 1.10	 0.70	 0.453	 0.164	 0.214	 0.160	 0.164	 0.219 
102	 1.10	 0.20	 1	 0.885	 3	 65520	 40.11	 0.957	 -0.633	 0.394	 0.169	 0.209	 0.178	 0.169	 0.267	 1.10	 0.60	 0.394	 0.169	 0.209	 0.178	 0.169	 0.267 
103	 1.10	 0.30	 1	 0.885	 3	 65520	 44.04	 0.957	 -0.633	 0.338	 0.172	 0.198	 0.193	 0.172	 0.319	 1.10	 0.50	 0.338	 0.172	 0.198	 0.193	 0.172	 0.319 
104	 1.10	 0.40	 1	 0.884	 3	 65520	 48.98	 0.957	 -0.633	 0.272	 0.170	 0.180	 0.207	 0.170	 0.389	 1.10	 0.40	 0.272	 0.170	 0.180	 0.207	 0.170	 0.389 
105	 1.10	 0.50	 1	 0.883	 3	 65520	 52.94	 0.957	 -0.633	 0.224	 0.164	 0.162	 0.213	 0.164	 0.448	 1.10	 0.30	 0.224	 0.164	 0.162	 0.213	 0.164	 0.448 
106	 1.10	 0.60	 1	 0.882	 3	 65520	 56.92	 0.957	 -0.633	 0.181	 0.155	 0.142	 0.213	 0.155	 0.508	 1.10	 0.20	 0.181	 0.155	 0.142	 0.213	 0.155	 0.508 
107	 1.10	 0.70	 1	 0.881	 3	 65520	 61.90	 0.957	 -0.633	 0.136	 0.141	 0.117	 0.204	 0.141	 0.581	 1.10	 0.10	 0.136	 0.141	 0.117	 0.204	 0.141	 0.581 
108	 1.10	 0.80	 1	 0.881	 3	 65520	 65.90	 0.957	 -0.633	 0.106	 0.129	 0.097	 0.190	 0.129	 0.637	 1.10	 -0.00	 0.106	 0.129	 0.097	 0.190	 0.129	 0.637 
109	 1.20	 0.00	 1	 0.886	 3	 65520	 30.32	 0.957	 -0.633	 0.542	 0.149	 0.212	 0.131	 0.149	 0.159	 1.20	 0.80	 0.542	 0.149	 0.212	 0.131	 0.149	 0.159 
110	 1.20	 0.10	 1	 0.886	 3	 65520	 34.23	 0.957	 -0.633	 0.483	 0.160	 0.215	 0.150	 0.160	 0.198	 1.20	 0.70	 0.483	 0.160	 0.215	 0.150	 0.160	 0.198 
111	 1.20	 0.20	 1	 0.885	 3	 65520	 39.13	 0.957	 -0.633	 0.409	 0.168	 0.211	 0.174	 0.168	 0.254	 1.20	 0.60	 0.409	 0.168	 0.211	 0.174	 0.168	 0.254 
112	 1.20	 0.30	 1	 0.885	 3	 65520	 43.06	 0.957	 -0.633	 0.352	 0.172	 0.201	 0.190	 0.172	 0.305	 1.20	 0.50	 0.352	 0.172	 0.201	 0.190	 0.172	 0.305 
113	 1.20	 0.40	 1	 0.884	 3	 65520	 47.00	 0.957	 -0.633	 0.297	 0.171	 0.188	 0.202	 0.171	 0.360	 1.20	 0.40	 0.297	 0.171	 0.188	 0.202	 0.171	 0.360 
114	 1.20	 0.50	 1	 0.883	 3	 65520	 50.96	 0.957	 -0.633	 0.247	 0.167	 0.171	 0.211	 0.167	 0.418	 1.20	 0.30	 0.247	 0.167	 0.171	 0.211	 0.167	 0.418 
115	 1.20	 0.60	 1	 0.882	 3	 65520	 55.92	 0.957	 -0.633	 0.192	 0.158	 0.147	 0.214	 0.158	 0.493	 1.20	 0.20	 0.192	 0.158	 0.147	 0.214	 0.158	 0.493 
116	 1.20	 0.70	 1	 0.882	 3	 65520	 59.91	 0.957	 -0.633	 0.153	 0.147	 0.127	 0.209	 0.147	 0.552	 1.20	 0.10	 0.153	 0.147	 0.127	 0.209	 0.147	 0.552 
117	 1.20	 0.80	 1	 0.881	 3	 65520	 63.90	 0.957	 -0.633	 0.120	 0.135	 0.107	 0.198	 0.135	 0.609	 1.20	 -0.00	 0.120	 0.135	 0.107	 0.198	 0.135	 0.609 
118	 1.30	 0.00	 1	 0.886	 3	 65520	 29.34	 0.957	 -0.633	 0.557	 0.147	 0.210	 0.126	 0.147	 0.150	 1.30	 0.80	 0.557	 0.147	 0.210	 0.126	 0.147	 0.150 
119	 1.30	 0.10	 1	 0.886	 3	 65520	 33.25	 0.957	 -0.633	 0.498	 0.157	 0.215	 0.146	 0.157	 0.188	 1.30	 0.70	 0.498	 0.157	 0.215	 0.146	 0.157	 0.188 
120	 1.30	 0.20	 1	 0.886	 3	 65520	 37.16	 0.957	 -0.633	 0.438	 0.165	 0.214	 0.165	 0.165	 0.231	 1.30	 0.60	 0.438	 0.165	 0.214	 0.165	 0.165	 0.231 
121	 1.30	 0.30	 1	 0.885	 3	 65520	 41.09	 0.957	 -0.633	 0.380	 0.170	 0.207	 0.182	 0.170	 0.279	 1.30	 0.50	 0.380	 0.170	 0.207	 0.182	 0.170	 0.279 
122	 1.30	 0.40	 1	 0.884	 3	 65520	 46.01	 0.957	 -0.633	 0.311	 0.172	 0.192	 0.200	 0.172	 0.346	 1.30	 0.40	 0.311	 0.172	 0.192	 0.200	 0.172	 0.346 
123	 1.30	 0.50	 1	 0.884	 3	 65520	 49.97	 0.957	 -0.633	 0.259	 0.169	 0.176	 0.209	 0.169	 0.403	 1.30	 0.30	 0.259	 0.169	 0.176	 0.209	 0.169	 0.403 
124	 1.30	 0.60	 1	 0.883	 3	 65520	 53.93	 0.957	 -0.633	 0.213	 0.162	 0.157	 0.214	 0.162	 0.463	 1.30	 0.20	 0.213	 0.162	 0.157	 0.213	 0.162	 0.463 
125	 1.30	 0.70	 1	 0.882	 3	 65520	 58.91	 0.957	 -0.633	 0.162	 0.150	 0.132	 0.211	 0.150	 0.537	 1.30	 0.10	 0.162	 0.150	 0.132	 0.211	 0.150	 0.537 
126	 1.30	 0.80	 1	 0.881	 3	 65520	 62.90	 0.957	 -0.633	 0.128	 0.138	 0.112	 0.201	 0.138	 0.595	 1.30	 -0.00	 0.128	 0.138	 0.112	 0.201	 0.138	 0.595 
127	 1.40	 0.00	 1	 0.886	 3	 65520	 27.38	 0.957	 -0.633	 0.586	 0.141	 0.206	 0.116	 0.141	 0.133	 1.40	 0.80	 0.586	 0.141	 0.206	 0.115	 0.141	 0.133 
128	 1.40	 0.10	 1	 0.886	 3	 65520	 31.29	 0.957	 -0.633	 0.528	 0.152	 0.214	 0.136	 0.152	 0.168	 1.40	 0.70	 0.528	 0.152	 0.213	 0.136	 0.152	 0.168 
129	 1.40	 0.20	 1	 0.886	 3	 65520	 36.19	 0.957	 -0.633	 0.453	 0.164	 0.214	 0.160	 0.164	 0.220	 1.40	 0.60	 0.453	 0.164	 0.214	 0.160	 0.164	 0.219 
130	 1.40	 0.30	 1	 0.885	 3	 65520	 40.11	 0.957	 -0.633	 0.394	 0.169	 0.209	 0.178	 0.169	 0.267	 1.40	 0.50	 0.394	 0.169	 0.209	 0.178	 0.169	 0.267 
131	 1.40	 0.40	 1	 0.885	 3	 65520	 44.04	 0.957	 -0.633	 0.338	 0.172	 0.198	 0.193	 0.172	 0.319	 1.40	 0.40	 0.338	 0.172	 0.198	 0.193	 0.172	 0.319 
132	 1.40	 0.50	 1	 0.884	 3	 65520	 47.99	 0.957	 -0.633	 0.284	 0.171	 0.184	 0.205	 0.171	 0.374	 1.40	 0.30	 0.284	 0.171	 0.184	 0.205	 0.171	 0.374 
133	 1.40	 0.60	 1	 0.883	 3	 65520	 52.94	 0.957	 -0.633	 0.224	 0.164	 0.162	 0.213	 0.164	 0.448	 1.40	 0.20	 0.224	 0.164	 0.162	 0.213	 0.164	 0.448 
134	 1.40	 0.70	 1	 0.882	 3	 65520	 56.92	 0.957	 -0.633	 0.181	 0.155	 0.142	 0.213	 0.155	 0.508	 1.40	 0.10	 0.181	 0.155	 0.142	 0.213	 0.155	 0.508 
135	 1.40	 0.80	 1	 0.882	 3	 65520	 60.91	 0.957	 -0.633	 0.144	 0.144	 0.122	 0.207	 0.144	 0.567	 1.40	 -0.00	 0.144	 0.144	 0.122	 0.207	 0.144	 0.567 
136	 1.50	 0.00	 1	 0.886	 3	 65520	 26.41	 0.957	 -0.633	 0.600	 0.137	 0.203	 0.111	 0.137	 0.125	 1.50	 0.80	 0.600	 0.137	 0.203	 0.111	 0.137	 0.125 
137	 1.50	 0.10	 1	 0.886	 3	 65520	 30.32	 0.957	 -0.633	 0.542	 0.149	 0.212	 0.131	 0.149	 0.159	 1.50	 0.70	 0.542	 0.149	 0.212	 0.131	 0.149	 0.159 
138	 1.50	 0.20	 1	 0.886	 3	 65520	 34.23	 0.957	 -0.633	 0.483	 0.160	 0.215	 0.150	 0.160	 0.198	 1.50	 0.60	 0.483	 0.160	 0.215	 0.150	 0.160	 0.198 
139	 1.50	 0.30	 1	 0.886	 3	 65520	 38.14	 0.957	 -0.633	 0.424	 0.167	 0.212	 0.169	 0.167	 0.243	 1.50	 0.50	 0.424	 0.167	 0.212	 0.169	 0.167	 0.242 
140	 1.50	 0.40	 1	 0.885	 3	 65520	 43.06	 0.957	 -0.633	 0.352	 0.172	 0.201	 0.190	 0.172	 0.305	 1.50	 0.40	 0.352	 0.172	 0.201	 0.190	 0.172	 0.305 
141	 1.50	 0.50	 1	 0.884	 3	 65520	 47.00	 0.957	 -0.633	 0.297	 0.171	 0.188	 0.202	 0.171	 0.360	 1.50	 0.30	 0.297	 0.171	 0.188	 0.202	 0.171	 0.360 
142	 1.50	 0.60	 1	 0.883	 3	 65520	 50.96	 0.957	 -0.633	 0.247	 0.167	 0.171	 0.211	 0.167	 0.418	 1.50	 0.20	 0.247	 0.167	 0.171	 0.211	 0.167	 0.418 
143	 1.50	 0.70	 1	 0.882	 3	 65520	 55.92	 0.957	 -0.633	 0.192	 0.158	 0.147	 0.214	 0.158	 0.493	 1.50	 0.10	 0.192	 0.158	 0.147	 0.214	 0.158	 0.493 
144	 1.50	 0.80	 1	 0.882	 3	 65520	 59.91	 0.957	 -0.633	 0.153	 0.147	 0.127	 0.209	 0.147	 0.552	 1.50	 -0.00	 0.153	 0.147	 0.127	 0.209	 0.147	 0.552 
145	 1.60	 0.00	 1	 0.885	 3	 65520	 24.45	 0.957	 -0.633	 0.627	 0.131	 0.196	 0.101	 0.131	 0.110	 1.60	 0.80	 0.627	 0.131	 0.196	 0.101	 0.131	 0.110 
146	 1.60	 0.10	 1	 0.886	 3	 65520	 28.36	 0.957	 -0.633	 0.571	 0.144	 0.208	 0.121	 0.144	 0.141	 1.60	 0.70	 0.572	 0.144	 0.208	 0.121	 0.144	 0.141 
147	 1.60	 0.20	 1	 0.886	 3	 65520	 33.25	 0.957	 -0.633	 0.498	 0.157	 0.215	 0.146	 0.157	 0.188	 1.60	 0.60	 0.498	 0.157	 0.215	 0.146	 0.157	 0.188 
148	 1.60	 0.30	 1	 0.886	 3	 65520	 37.16	 0.957	 -0.633	 0.438	 0.165	 0.214	 0.165	 0.165	 0.231	 1.60	 0.50	 0.438	 0.165	 0.214	 0.165	 0.165	 0.231 
149	 1.60	 0.40	 1	 0.885	 3	 65520	 41.09	 0.957	 -0.633	 0.380	 0.170	 0.207	 0.182	 0.170	 0.279	 1.60	 0.40	 0.380	 0.170	 0.207	 0.182	 0.170	 0.279 
150	 1.60	 0.50	 1	 0.885	 3	 65520	 45.03	 0.957	 -0.633	 0.324	 0.172	 0.195	 0.197	 0.172	 0.332	 1.60	 0.30	 0.324	 0.172	 0.195	 0.197	 0.172	 0.332 
151	 1.60	 0.60	 1	 0.884	 3	 65520	 49.97	 0.957	 -0.633	 0.259	 0.169	 0.176	 0.209	 0.169	 0.403	 1.60	 0.20	 0.259	 0.169	 0.176	 0.209	 0.169	 0.403 
152	 1.60	 0.70	 1	 0.883	 3	 65520	 53.93	 0.957	 -0.633	 0.213	 0.162	 0.157	 0.214	 0.162	 0.463	 1.60	 0.10	 0.213	 0.162	 0.157	 0.213	 0.162	 0.463 
153	 1.60	 0.80	 1	 0.882	 3	 65520	 57.91	 0.957	 -0.633	 0.172	 0.153	 0.137	 0.212	 0.153	 0.523	 1.60	 -0.00	 0.172	 0.153	 0.137	 0.212	 0.153	 0.522 
154	 1.70	 0.00	 1	 0.885	 3	 65520	 23.47	 0.957	 -0.633	 0.641	 0.128	 0.191	 0.096	 0.128	 0.104	 1.70	 0.80	 0.641	 0.128	 0.191	 0.096	 0.128	 0.104 
155	 1.70	 0.10	 1	 0.886	 3	 65520	 27.38	 0.957	 -0.633	 0.586	 0.141	 0.206	 0.116	 0.141	 0.133	 1.70	 0.70	 0.586	 0.141	 0.206	 0.115	 0.141	 0.133 
156	 1.70	 0.20	 1	 0.886	 3	 65520	 31.29	 0.957	 -0.633	 0.528	 0.152	 0.214	 0.136	 0.152	 0.168	 1.70	 0.60	 0.528	 0.152	 0.213	 0.136	 0.152	 0.168 
157	 1.70	 0.30	 1	 0.886	 3	 65520	 35.21	 0.957	 -0.633	 0.468	 0.162	 0.215	 0.155	 0.162	 0.209	 1.70	 0.50	 0.468	 0.162	 0.215	 0.155	 0.162	 0.208 
158	 1.70	 0.40	 1	 0.885	 3	 65520	 40.11	 0.957	 -0.633	 0.394	 0.169	 0.209	 0.178	 0.169	 0.267	 1.70	 0.40	 0.394	 0.169	 0.209	 0.178	 0.169	 0.267 
159	 1.70	 0.50	 1	 0.885	 3	 65520	 44.04	 0.957	 -0.633	 0.338	 0.172	 0.198	 0.193	 0.172	 0.319	 1.70	 0.30	 0.338	 0.172	 0.198	 0.193	 0.172	 0.319 
160	 1.70	 0.60	 1	 0.884	 3	 65520	 47.99	 0.957	 -0.633	 0.284	 0.171	 0.184	 0.205	 0.171	 0.374	 1.70	 0.20	 0.284	 0.171	 0.184	 0.205	 0.171	 0.374 
161	 1.70	 0.70	 1	 0.883	 3	 65520	 52.94	 0.957	 -0.633	 0.224	 0.164	 0.162	 0.213	 0.164	 0.448	 1.70	 0.10	 0.224	 0.164	 0.162	 0.213	 0.164	 0.448 
162	 1.70	 0.80	 1	 0.882	 3	 65520	 56.92	 0.957	 -0.633	 0.181	 0.155	 0.142	 0.213	 0.155	 0.508	 1.70	 -0.00	 0.181	 0.155	 0.142	 0.213	 0.155	 0.508 
163	 1.80	 0.00	 1	 0.885	 3	 65520	 21.51	 0.957	 -0.633	 0.667	 0.121	 0.182	 0.086	 0.121	 0.091	 1.80	 0.80	 0.667	 0.121	 0.182	 0.086	 0.121	 0.091 
164	 1.80	 0.10	 1	 0.885	 3	 65520	 25.43	 0.957	 -0.633	 0.614	 0.134	 0.199	 0.106	 0.134	 0.118	 1.80	 0.70	 0.614	 0.134	 0.199	 0.106	 0.134	 0.118 
165	 1.80	 0.20	 1	 0.886	 3	 65520	 30.32	 0.957	 -0.633	 0.542	 0.149	 0.212	 0.131	 0.149	 0.159	 1.80	 0.60	 0.542	 0.149	 0.212	 0.131	 0.149	 0.159 
166	 1.80	 0.30	 1	 0.886	 3	 65520	 34.23	 0.957	 -0.633	 0.483	 0.160	 0.215	 0.150	 0.160	 0.198	 1.80	 0.50	 0.483	 0.160	 0.215	 0.150	 0.160	 0.198 
167	 1.80	 0.40	 1	 0.886	 3	 65520	 38.14	 0.957	 -0.633	 0.424	 0.167	 0.212	 0.169	 0.167	 0.243	 1.80	 0.40	 0.424	 0.167	 0.212	 0.169	 0.167	 0.242 
168	 1.80	 0.50	 1	 0.885	 3	 65520	 42.07	 0.957	 -0.633	 0.366	 0.171	 0.204	 0.186	 0.171	 0.292	 1.80	 0.30	 0.366	 0.171	 0.204	 0.186	 0.171	 0.292 
169	 1.80	 0.60	 1	 0.884	 3	 65520	 47.00	 0.957	 -0.633	 0.297	 0.171	 0.188	 0.202	 0.171	 0.360	 1.80	 0.20	 0.297	 0.171	 0.188	 0.202	 0.171	 0.360 
170	 1.80	 0.70	 1	 0.883	 3	 65520	 50.96	 0.957	 -0.633	 0.247	 0.167	 0.171	 0.211	 0.167	 0.418	 1.80	 0.10	 0.247	 0.167	 0.171	 0.211	 0.167	 0.418 
171	 1.80	 0.80	 1	 0.883	 3	 65520	 54.93	 0.957	 -0.633	 0.202	 0.160	 0.152	 0.214	 0.160	 0.478	 1.80	 -0.00	 0.202	 0.160	 0.152	 0.214	 0.160	 0.478 
172	 1.90	 0.00	 1	 0.885	 3	 65520	 20.53	 0.957	 -0.633	 0.679	 0.118	 0.176	 0.081	 0.118	 0.085	 1.90	 0.80	 0.679	 0.118	 0.176	 0.081	 0.118	 0.085 
173	 1.90	 0.10	 1	 0.885	 3	 65520	 24.45	 0.957	 -0.633	 0.627	 0.131	 0.196	 0.101	 0.131	 0.110	 1.90	 0.70	 0.627	 0.131	 0.196	 0.101	 0.131	 0.110 
174	 1.90	 0.20	 1	 0.886	 3	 65520	 28.36	 0.957	 -0.633	 0.571	 0.144	 0.208	 0.121	 0.144	 0.141	 1.90	 0.60	 0.572	 0.144	 0.208	 0.121	 0.144	 0.141 
175	 1.90	 0.30	 1	 0.886	 3	 65520	 32.27	 0.957	 -0.633	 0.513	 0.155	 0.214	 0.141	 0.155	 0.178	 1.90	 0.50	 0.513	 0.155	 0.214	 0.141	 0.155	 0.178 
176	 1.90	 0.40	 1	 0.886	 3	 65520	 37.16	 0.957	 -0.633	 0.438	 0.165	 0.214	 0.165	 0.165	 0.231	 1.90	 0.40	 0.438	 0.165	 0.214	 0.165	 0.165	 0.231 
177	 1.90	 0.50	 1	 0.885	 3	 65520	 41.09	 0.957	 -0.633	 0.380	 0.170	 0.207	 0.182	 0.170	 0.279	 1.90	 0.30	 0.380	 0.170	 0.207	 0.182	 0.170	 0.279 
178	 1.90	 0.60	 1	 0.885	 3	 65520	 45.03	 0.957	 -0.633	 0.324	 0.172	 0.195	 0.197	 0.172	 0.332	 1.90	 0.20	 0.324	 0.172	 0.195	 0.197	 0.172	 0.332 
179	 1.90	 0.70	 1	 0.884	 3	 65520	 49.97	 0.957	 -0.633	 0.259	 0.169	 0.176	 0.209	 0.169	 0.403	 1.90	 0.10	 0.259	 0.169	 0.176	 0.209	 0.169	 0.403 
180	 1.90	 0.80	 1	 0.883	 3	 65520	 53.93	 0.957	 -0.633	 0.213	 0.162	 0.157	 0.214	 0.162	 0.463	 1.90	 -0.00	 0.213	 0.162	 0.157	 0.213	 0.162	 0.463 
