9	 20
 Node#	 Xpos	 Ypos	 Bit	OI	BL	MaxI	PrefD	Skew	Kurtosis	H1111	H2211	H1112	H2212	H1122	H2222	Xn 	Yn 	H1n 	H2n 	H3n 	H4n 	H5n 	H6n
1	 0.00	 0.00	 1	 0.883	 3	 65520	 54.93	 0.957	 -0.633	 0.202	 0.160	 0.152	 0.214	 0.160	 0.478	 0.00	 0.80	 0.202	 0.160	 0.152	 0.214	 0.160	 0.478 
2	 0.00	 0.10	 1	 0.886	 3	 65520	 29.34	 0.957	 -0.633	 0.557	 0.147	 0.210	 0.126	 0.147	 0.150	 0.00	 0.70	 0.557	 0.147	 0.210	 0.126	 0.147	 0.150 
3	 0.00	 0.20	 1	 0.886	 3	 65520	 33.25	 0.957	 -0.633	 0.498	 0.157	 0.215	 0.146	 0.157	 0.188	 0.00	 0.60	 0.498	 0.157	 0.215	 0.146	 0.157	 0.188 
4	 0.00	 0.30	 1	 0.886	 3	 65520	 38.14	 0.957	 -0.633	 0.424	 0.167	 0.212	 0.169	 0.167	 0.243	 0.00	 0.50	 0.424	 0.167	 0.212	 0.169	 0.167	 0.243 
5	 0.00	 0.40	 1	 0.885	 3	 65520	 42.07	 0.957	 -0.633	 0.366	 0.171	 0.204	 0.186	 0.171	 0.292	 0.00	 0.40	 0.366	 0.171	 0.204	 0.186	 0.171	 0.292 
6	 0.00	 0.50	 1	 0.884	 3	 65520	 46.01	 0.957	 -0.633	 0.311	 0.172	 0.192	 0.200	 0.172	 0.346	 0.00	 0.30	 0.311	 0.172	 0.192	 0.200	 0.172	 0.346 
7	 0.00	 0.60	 1	 0.884	 3	 65520	 49.97	 0.957	 -0.633	 0.259	 0.169	 0.176	 0.209	 0.169	 0.403	 0.00	 0.20	 0.259	 0.169	 0.176	 0.209	 0.169	 0.403 
8	 0.00	 0.70	 1	 0.883	 3	 65520	 54.93	 0.957	 -0.633	 0.202	 0.160	 0.152	 0.214	 0.160	 0.478	 0.00	 0.10	 0.202	 0.160	 0.152	 0.214	 0.160	 0.478 
9	 0.00	 0.80	 1	 0.882	 3	 65520	 58.91	 0.957	 -0.633	 0.162	 0.150	 0.132	 0.211	 0.150	 0.537	 0.00	 0.00	 0.162	 0.150	 0.132	 0.211	 0.150	 0.537 
10	 0.10	 0.00	 1	 0.885	 3	 65520	 23.47	 0.957	 -0.633	 0.641	 0.128	 0.191	 0.096	 0.128	 0.104	 0.10	 0.80	 0.641	 0.128	 0.191	 0.096	 0.128	 0.104 
11	 0.10	 0.10	 1	 0.886	 3	 65520	 28.36	 0.957	 -0.633	 0.571	 0.144	 0.208	 0.121	 0.144	 0.141	 0.10	 0.70	 0.571	 0.144	 0.208	 0.121	 0.144	 0.141 
12	 0.10	 0.20	 1	 0.886	 3	 65520	 32.27	 0.957	 -0.633	 0.513	 0.155	 0.214	 0.141	 0.155	 0.178	 0.10	 0.60	 0.513	 0.155	 0.214	 0.141	 0.155	 0.178 
13	 0.10	 0.30	 1	 0.886	 3	 65520	 36.19	 0.957	 -0.633	 0.453	 0.164	 0.214	 0.160	 0.164	 0.220	 0.10	 0.50	 0.453	 0.164	 0.214	 0.160	 0.164	 0.220 
14	 0.10	 0.40	 1	 0.885	 3	 65520	 40.11	 0.957	 -0.633	 0.394	 0.169	 0.209	 0.178	 0.169	 0.267	 0.10	 0.40	 0.394	 0.169	 0.209	 0.178	 0.169	 0.267 
15	 0.10	 0.50	 1	 0.885	 3	 65520	 45.03	 0.957	 -0.633	 0.324	 0.172	 0.195	 0.197	 0.172	 0.332	 0.10	 0.30	 0.324	 0.172	 0.195	 0.197	 0.172	 0.332 
16	 0.10	 0.60	 1	 0.884	 3	 65520	 48.98	 0.957	 -0.633	 0.272	 0.170	 0.180	 0.207	 0.170	 0.389	 0.10	 0.20	 0.272	 0.170	 0.180	 0.207	 0.170	 0.389 
17	 0.10	 0.70	 1	 0.883	 3	 65520	 52.94	 0.957	 -0.633	 0.224	 0.164	 0.162	 0.213	 0.164	 0.448	 0.10	 0.10	 0.224	 0.164	 0.162	 0.213	 0.164	 0.448 
18	 0.10	 0.80	 1	 0.882	 3	 65520	 56.92	 0.957	 -0.633	 0.181	 0.155	 0.142	 0.213	 0.155	 0.508	 0.10	 0.00	 0.181	 0.155	 0.142	 0.213	 0.155	 0.508 
19	 0.20	 0.00	 1	 0.885	 3	 65520	 22.49	 0.957	 -0.633	 0.654	 0.125	 0.187	 0.091	 0.125	 0.097	 0.20	 0.80	 0.654	 0.125	 0.187	 0.091	 0.125	 0.097 
20	 0.20	 0.10	 1	 0.886	 3	 65520	 26.41	 0.957	 -0.633	 0.600	 0.137	 0.203	 0.111	 0.137	 0.125	 0.20	 0.70	 0.600	 0.137	 0.203	 0.111	 0.137	 0.125 
21	 0.20	 0.20	 1	 0.886	 3	 65520	 30.32	 0.957	 -0.633	 0.542	 0.149	 0.212	 0.131	 0.149	 0.159	 0.20	 0.60	 0.542	 0.149	 0.212	 0.131	 0.149	 0.159 
22	 0.20	 0.30	 1	 0.886	 3	 65520	 35.21	 0.957	 -0.633	 0.468	 0.162	 0.215	 0.155	 0.162	 0.209	 0.20	 0.50	 0.468	 0.162	 0.215	 0.155	 0.162	 0.209 
23	 0.20	 0.40	 1	 0.885	 3	 65520	 39.13	 0.957	 -0.633	 0.409	 0.168	 0.211	 0.174	 0.168	 0.254	 0.20	 0.40	 0.409	 0.168	 0.211	 0.174	 0.168	 0.254 
24	 0.20	 0.50	 1	 0.885	 3	 65520	 43.06	 0.957	 -0.633	 0.352	 0.172	 0.201	 0.190	 0.172	 0.305	 0.20	 0.30	 0.352	 0.172	 0.201	 0.190	 0.172	 0.305 
25	 0.20	 0.60	 1	 0.884	 3	 65520	 47.00	 0.957	 -0.633	 0.297	 0.171	 0.188	 0.202	 0.171	 0.360	 0.20	 0.20	 0.297	 0.171	 0.188	 0.202	 0.171	 0.360 
26	 0.20	 0.70	 1	 0.883	 3	 65520	 51.95	 0.957	 -0.633	 0.235	 0.166	 0.167	 0.212	 0.166	 0.433	 0.20	 0.10	 0.235	 0.166	 0.167	 0.212	 0.166	 0.433 
27	 0.20	 0.80	 1	 0.882	 3	 65520	 55.92	 0.957	 -0.633	 0.192	 0.158	 0.147	 0.214	 0.158	 0.493	 0.20	 0.00	 0.192	 0.158	 0.147	 0.214	 0.158	 0.493 
28	 0.30	 0.00	 1	 0.885	 3	 65520	 20.53	 0.957	 -0.633	 0.679	 0.118	 0.176	 0.081	 0.118	 0.085	 0.30	 0.80	 0.679	 0.118	 0.176	 0.081	 0.118	 0.085 
29	 0.30	 0.10	 1	 0.885	 3	 65520	 24.45	 0.957	 -0.633	 0.627	 0.131	 0.196	 0.101	 0.131	 0.110	 0.30	 0.70	 0.627	 0.131	 0.196	 0.101	 0.131	 0.110 
30	 0.30	 0.20	 1	 0.886	 3	 65520	 29.34	 0.957	 -0.633	 0.557	 0.147	 0.210	 0.126	 0.147	 0.150	 0.30	 0.60	 0.557	 0.147	 0.210	 0.126	 0.147	 0.150 
31	 0.30	 0.30	 1	 0.886	 3	 65520	 33.25	 0.957	 -0.633	 0.498	 0.157	 0.215	 0.146	 0.157	 0.188	 0.30	 0.50	 0.498	 0.157	 0.215	 0.146	 0.157	 0.188 
32	 0.30	 0.40	 1	 0.886	 3	 65520	 37.16	 0.957	 -0.633	 0.438	 0.165	 0.214	 0.165	 0.165	 0.231	 0.30	 0.40	 0.438	 0.165	 0.214	 0.165	 0.165	 0.231 
33	 0.30	 0.50	 1	 0.885	 3	 65520	 42.07	 0.957	 -0.633	 0.366	 0.171	 0.204	 0.186	 0.171	 0.292	 0.30	 0.30	 0.366	 0.171	 0.204	 0.186	 0.171	 0.292 
34	 0.30	 0.60	 1	 0.884	 3	 65520	 46.01	 0.957	 -0.633	 0.311	 0.172	 0.192	 0.200	 0.172	 0.346	 0.30	 0.20	 0.311	 0.172	 0.192	 0.200	 0.172	 0.346 
35	 0.30	 0.70	 1	 0.884	 3	 65520	 49.97	 0.957	 -0.633	 0.259	 0.169	 0.176	 0.209	 0.169	 0.403	 0.30	 0.10	 0.259	 0.169	 0.176	 0.209	 0.169	 0.403 
36	 0.30	 0.80	 1	 0.883	 3	 65520	 53.93	 0.957	 -0.633	 0.213	 0.162	 0.157	 0.214	 0.162	 0.463	 0.30	 0.00	 0.213	 0.162	 0.157	 0.214	 0.162	 0.463 
37	 0.40	 0.00	 1	 0.884	 3	 65520	 19.54	 0.957	 -0.633	 0.691	 0.115	 0.171	 0.077	 0.115	 0.080	 0.40	 0.80	 0.691	 0.115	 0.171	 0.077	 0.115	 0.080 
38	 0.40	 0.10	 1	 0.885	 3	 65520	 23.47	 0.957	 -0.633	 0.641	 0.128	 0.191	 0.096	 0.128	 0.104	 0.40	 0.70	 0.641	 0.128	 0.191	 0.096	 0.128	 0.104 
39	 0.40	 0.20	 1	 0.886	 3	 65520	 27.38	 0.957	 -0.633	 0.586	 0.141	 0.206	 0.116	 0.141	 0.133	 0.40	 0.60	 0.586	 0.141	 0.206	 0.116	 0.141	 0.133 
40	 0.40	 0.30	 1	 0.886	 3	 65520	 32.27	 0.957	 -0.633	 0.513	 0.155	 0.214	 0.141	 0.155	 0.178	 0.40	 0.50	 0.513	 0.155	 0.214	 0.141	 0.155	 0.178 
41	 0.40	 0.40	 1	 0.886	 3	 65520	 36.19	 0.957	 -0.633	 0.453	 0.164	 0.214	 0.160	 0.164	 0.220	 0.40	 0.40	 0.453	 0.164	 0.214	 0.160	 0.164	 0.220 
42	 0.40	 0.50	 1	 0.885	 3	 65520	 40.11	 0.957	 -0.633	 0.394	 0.169	 0.209	 0.178	 0.169	 0.267	 0.40	 0.30	 0.394	 0.169	 0.209	 0.178	 0.169	 0.267 
43	 0.40	 0.60	 1	 0.885	 3	 65520	 44.04	 0.957	 -0.633	 0.338	 0.172	 0.198	 0.193	 0.172	 0.319	 0.40	 0.20	 0.338	 0.172	 0.198	 0.193	 0.172	 0.319 
44	 0.40	 0.70	 1	 0.884	 3	 65520	 48.98	 0.957	 -0.633	 0.272	 0.170	 0.180	 0.207	 0.170	 0.389	 0.40	 0.10	 0.272	 0.170	 0.180	 0.207	 0.170	 0.389 
45	 0.40	 0.80	 1	 0.883	 3	 65520	 52.94	 0.957	 -0.633	 0.224	 0.164	 0.162	 0.213	 0.164	 0.448	 0.40	 0.00	 0.224	 0.164	 0.162	 0.213	 0.164	 0.448 
46	 0.50	 0.00	 1	 0.884	 3	 65520	 17.57	 0.957	 -0.633	 0.714	 0.108	 0.158	 0.068	 0.108	 0.070	 0.50	 0.80	 0.714	 0.108	 0.158	 0.068	 0.108	 0.070 
47	 0.50	 0.10	 1	 0.885	 3	 65520	 21.51	 0.957	 -0.633	 0.667	 0.121	 0.182	 0.086	 0.121	 0.091	 0.50	 0.70	 0.667	 0.121	 0.182	 0.086	 0.121	 0.091 
48	 0.50	 0.20	 1	 0.886	 3	 65520	 26.41	 0.957	 -0.633	 0.600	 0.137	 0.203	 0.111	 0.137	 0.125	 0.50	 0.60	 0.600	 0.137	 0.203	 0.111	 0.137	 0.125 
49	 0.50	 0.30	 1	 0.886	 3	 65520	 30.32	 0.957	 -0.633	 0.542	 0.149	 0.212	 0.131	 0.149	 0.159	 0.50	 0.50	 0.542	 0.149	 0.212	 0.131	 0.149	 0.159 
50	 0.50	 0.40	 1	 0.886	 3	 65520	 34.23	 0.957	 -0.633	 0.483	 0.160	 0.215	 0.150	 0.160	 0.198	 0.50	 0.40	 0.483	 0.160	 0.215	 0.150	 0.160	 0.198 
51	 0.50	 0.50	 1	 0.885	 3	 65520	 39.13	 0.957	 -0.633	 0.409	 0.168	 0.211	 0.174	 0.168	 0.254	 0.50	 0.30	 0.409	 0.168	 0.211	 0.174	 0.168	 0.254 
52	 0.50	 0.60	 1	 0.885	 3	 65520	 43.06	 0.957	 -0.633	 0.352	 0.172	 0.201	 0.190	 0.172	 0.305	 0.50	 0.20	 0.352	 0.172	 0.201	 0.190	 0.172	 0.305 
53	 0.50	 0.70	 1	 0.884	 3	 65520	 47.00	 0.957	 -0.633	 0.297	 0.171	 0.188	 0.202	 0.171	 0.360	 0.50	 0.10	 0.297	 0.171	 0.188	 0.202	 0.171	 0.360 
54	 0.50	 0.80	 1	 0.883	 3	 65520	 50.96	 0.957	 -0.633	 0.247	 0.167	 0.171	 0.211	 0.167	 0.418	 0.50	 0.00	 0.247	 0.167	 0.171	 0.211	 0.167	 0.418 
55	 0.60	 0.00	 1	 0.883	 3	 65520	 16.59	 0.957	 -0.633	 0.724	 0.105	 0.151	 0.063	 0.105	 0.065	 0.60	 0.80	 0.724	 0.105	 0.151	 0.063	 0.105	 0.065 
56	 0.60	 0.10	 1	 0.885	 3	 65520	 20.53	 0.957	 -0.633	 0.679	 0.118	 0.176	 0.081	 0.118	 0.085	 0.60	 0.70	 0.679	 0.118	 0.176	 0.081	 0.118	 0.085 
57	 0.60	 0.20	 1	 0.885	 3	 65520	 24.45	 0.957	 -0.633	 0.627	 0.131	 0.196	 0.101	 0.131	 0.110	 0.60	 0.60	 0.627	 0.131	 0.196	 0.101	 0.131	 0.110 
58	 0.60	 0.30	 1	 0.886	 3	 65520	 29.34	 0.957	 -0.633	 0.557	 0.147	 0.210	 0.126	 0.147	 0.150	 0.60	 0.50	 0.557	 0.147	 0.210	 0.126	 0.147	 0.150 
59	 0.60	 0.40	 1	 0.886	 3	 65520	 33.25	 0.957	 -0.633	 0.498	 0.157	 0.215	 0.146	 0.157	 0.188	 0.60	 0.40	 0.498	 0.157	 0.215	 0.146	 0.157	 0.188 
60	 0.60	 0.50	 1	 0.886	 3	 65520	 37.16	 0.957	 -0.633	 0.438	 0.165	 0.214	 0.165	 0.165	 0.231	 0.60	 0.30	 0.438	 0.165	 0.214	 0.165	 0.165	 0.231 
61	 0.60	 0.60	 1	 0.885	 3	 65520	 41.09	 0.957	 -0.633	 0.380	 0.170	 0.207	 0.182	 0.170	 0.279	 0.60	 0.20	 0.380	 0.170	 0.207	 0.182	 0.170	 0.279 
62	 0.60	 0.70	 1	 0.884	 3	 65520	 46.01	 0.957	 -0.633	 0.311	 0.172	 0.192	 0.200	 0.172	 0.346	 0.60	 0.10	 0.311	 0.172	 0.192	 0.200	 0.172	 0.346 
63	 0.60	 0.80	 1	 0.884	 3	 65520	 49.97	 0.957	 -0.633	 0.259	 0.169	 0.176	 0.209	 0.169	 0.403	 0.60	 0.00	 0.259	 0.169	 0.176	 0.209	 0.169	 0.403 
64	 0.70	 0.00	 1	 0.883	 3	 65520	 14.61	 0.957	 -0.633	 0.744	 0.100	 0.136	 0.055	 0.100	 0.057	 0.70	 0.80	 0.744	 0.100	 0.136	 0.055	 0.100	 0.057 
65	 0.70	 0.10	 1	 0.884	 3	 65520	 18.56	 0.957	 -0.633	 0.702	 0.112	 0.164	 0.072	 0.112	 0.074	 0.70	 0.70	 0.702	 0.112	 0.164	 0.072	 0.112	 0.074 
66	 0.70	 0.20	 1	 0.885	 3	 65520	 23.47	 0.957	 -0.633	 0.641	 0.128	 0.191	 0.096	 0.128	 0.104	 0.70	 0.60	 0.641	 0.128	 0.191	 0.096	 0.128	 0.104 
67	 0.70	 0.30	 1	 0.886	 3	 65520	 27.38	 0.957	 -0.633	 0.586	 0.141	 0.206	 0.116	 0.141	 0.133	 0.70	 0.50	 0.586	 0.141	 0.206	 0.116	 0.141	 0.133 
68	 0.70	 0.40	 1	 0.886	 3	 65520	 31.29	 0.957	 -0.633	 0.528	 0.152	 0.214	 0.136	 0.152	 0.168	 0.70	 0.40	 0.528	 0.152	 0.214	 0.136	 0.152	 0.168 
69	 0.70	 0.50	 1	 0.886	 3	 65520	 36.19	 0.957	 -0.633	 0.453	 0.164	 0.214	 0.160	 0.164	 0.220	 0.70	 0.30	 0.453	 0.164	 0.214	 0.160	 0.164	 0.220 
70	 0.70	 0.60	 1	 0.885	 3	 65520	 40.11	 0.957	 -0.633	 0.394	 0.169	 0.209	 0.178	 0.169	 0.267	 0.70	 0.20	 0.394	 0.169	 0.209	 0.178	 0.169	 0.267 
71	 0.70	 0.70	 1	 0.885	 3	 65520	 44.04	 0.957	 -0.633	 0.338	 0.172	 0.198	 0.193	 0.172	 0.319	 0.70	 0.10	 0.338	 0.172	 0.198	 0.193	 0.172	 0.319 
72	 0.70	 0.80	 1	 0.884	 3	 65520	 47.99	 0.957	 -0.633	 0.284	 0.171	 0.184	 0.205	 0.171	 0.374	 0.70	 0.00	 0.284	 0.171	 0.184	 0.205	 0.171	 0.374 
73	 0.80	 0.00	 1	 0.882	 3	 65520	 13.62	 0.957	 -0.633	 0.753	 0.097	 0.128	 0.051	 0.097	 0.053	 0.80	 0.80	 0.753	 0.097	 0.128	 0.051	 0.097	 0.053 
74	 0.80	 0.10	 1	 0.884	 3	 65520	 17.57	 0.957	 -0.633	 0.714	 0.108	 0.158	 0.068	 0.108	 0.070	 0.80	 0.70	 0.714	 0.108	 0.158	 0.068	 0.108	 0.070 
75	 0.80	 0.20	 1	 0.885	 3	 65520	 21.51	 0.957	 -0.633	 0.667	 0.121	 0.182	 0.086	 0.121	 0.091	 0.80	 0.60	 0.667	 0.121	 0.182	 0.086	 0.121	 0.091 
76	 0.80	 0.30	 1	 0.886	 3	 65520	 26.41	 0.957	 -0.633	 0.600	 0.137	 0.203	 0.111	 0.137	 0.125	 0.80	 0.50	 0.600	 0.137	 0.203	 0.111	 0.137	 0.125 
77	 0.80	 0.40	 1	 0.886	 3	 65520	 30.32	 0.957	 -0.633	 0.542	 0.149	 0.212	 0.131	 0.149	 0.159	 0.80	 0.40	 0.542	 0.149	 0.212	 0.131	 0.149	 0.159 
78	 0.80	 0.50	 1	 0.886	 3	 65520	 34.23	 0.957	 -0.633	 0.483	 0.160	 0.215	 0.150	 0.160	 0.198	 0.80	 0.30	 0.483	 0.160	 0.215	 0.150	 0.160	 0.198 
79	 0.80	 0.60	 1	 0.886	 3	 65520	 38.14	 0.957	 -0.633	 0.424	 0.167	 0.212	 0.169	 0.167	 0.243	 0.80	 0.20	 0.424	 0.167	 0.212	 0.169	 0.167	 0.243 
80	 0.80	 0.70	 1	 0.885	 3	 65520	 43.06	 0.957	 -0.633	 0.352	 0.172	 0.201	 0.190	 0.172	 0.305	 0.80	 0.10	 0.352	 0.172	 0.201	 0.190	 0.172	 0.305 
81	 0.80	 0.80	 1	 0.884	 3	 65520	 47.00	 0.957	 -0.633	 0.297	 0.171	 0.188	 0.202	 0.171	 0.360	 0.80	 0.00	 0.297	 0.171	 0.188	 0.202	 0.171	 0.360 
82	 0.90	 0.00	 1	 0.882	 3	 65520	 11.63	 0.957	 -0.633	 0.770	 0.092	 0.111	 0.043	 0.092	 0.047	 0.90	 0.80	 0.770	 0.092	 0.111	 0.043	 0.092	 0.047 
83	 0.90	 0.10	 1	 0.883	 3	 65520	 15.60	 0.957	 -0.633	 0.734	 0.102	 0.144	 0.059	 0.102	 0.061	 0.90	 0.70	 0.734	 0.102	 0.144	 0.059	 0.102	 0.061 
84	 0.90	 0.20	 1	 0.885	 3	 65520	 20.53	 0.957	 -0.633	 0.679	 0.118	 0.176	 0.081	 0.118	 0.085	 0.90	 0.60	 0.679	 0.118	 0.176	 0.081	 0.118	 0.085 
85	 0.90	 0.30	 1	 0.885	 3	 65520	 24.45	 0.957	 -0.633	 0.627	 0.131	 0.196	 0.101	 0.131	 0.110	 0.90	 0.50	 0.627	 0.131	 0.196	 0.101	 0.131	 0.110 
86	 0.90	 0.40	 1	 0.886	 3	 65520	 28.36	 0.957	 -0.633	 0.571	 0.144	 0.208	 0.121	 0.144	 0.141	 0.90	 0.40	 0.571	 0.144	 0.208	 0.121	 0.144	 0.141 
87	 0.90	 0.50	 1	 0.886	 3	 65520	 33.25	 0.957	 -0.633	 0.498	 0.157	 0.215	 0.146	 0.157	 0.188	 0.90	 0.30	 0.498	 0.157	 0.215	 0.146	 0.157	 0.188 
88	 0.90	 0.60	 1	 0.886	 3	 65520	 37.16	 0.957	 -0.633	 0.438	 0.165	 0.214	 0.165	 0.165	 0.231	 0.90	 0.20	 0.438	 0.165	 0.214	 0.165	 0.165	 0.231 
89	 0.90	 0.70	 1	 0.885	 3	 65520	 41.09	 0.957	 -0.633	 0.380	 0.170	 0.207	 0.182	 0.170	 0.279	 0.90	 0.10	 0.380	 0.170	 0.207	 0.182	 0.170	 0.279 
90	 0.90	 0.80	 1	 0.885	 3	 65520	 45.03	 0.957	 -0.633	 0.324	 0.172	 0.195	 0.197	 0.172	 0.332	 0.90	 0.00	 0.324	 0.172	 0.195	 0.197	 0.172	 0.332 
91	 1.00	 0.00	 1	 0.881	 3	 65520	 10.63	 0.957	 -0.633	 0.777	 0.089	 0.103	 0.039	 0.089	 0.044	 1.00	 0.80	 0.777	 0.089	 0.103	 0.039	 0.089	 0.044 
92	 1.00	 0.10	 1	 0.883	 3	 65520	 14.61	 0.957	 -0.633	 0.744	 0.100	 0.136	 0.055	 0.100	 0.057	 1.00	 0.70	 0.744	 0.100	 0.136	 0.055	 0.100	 0.057 
93	 1.00	 0.20	 1	 0.884	 3	 65520	 18.56	 0.957	 -0.633	 0.702	 0.112	 0.164	 0.072	 0.112	 0.074	 1.00	 0.60	 0.702	 0.112	 0.164	 0.072	 0.112	 0.074 
94	 1.00	 0.30	 1	 0.885	 3	 65520	 23.47	 0.957	 -0.633	 0.641	 0.128	 0.191	 0.096	 0.128	 0.104	 1.00	 0.50	 0.641	 0.128	 0.191	 0.096	 0.128	 0.104 
95	 1.00	 0.40	 1	 0.886	 3	 65520	 27.38	 0.957	 -0.633	 0.586	 0.141	 0.206	 0.116	 0.141	 0.133	 1.00	 0.40	 0.586	 0.141	 0.206	 0.116	 0.141	 0.133 
96	 1.00	 0.50	 1	 0.886	 3	 65520	 31.29	 0.957	 -0.633	 0.528	 0.152	 0.214	 0.136	 0.152	 0.168	 1.00	 0.30	 0.528	 0.152	 0.214	 0.136	 0.152	 0.168 
97	 1.00	 0.60	 1	 0.886	 3	 65520	 35.21	 0.957	 -0.633	 0.468	 0.162	 0.215	 0.155	 0.162	 0.209	 1.00	 0.20	 0.468	 0.162	 0.215	 0.155	 0.162	 0.209 
98	 1.00	 0.70	 1	 0.885	 3	 65520	 40.11	 0.957	 -0.633	 0.394	 0.169	 0.209	 0.178	 0.169	 0.267	 1.00	 0.10	 0.394	 0.169	 0.209	 0.178	 0.169	 0.267 
99	 1.00	 0.80	 1	 0.885	 3	 65520	 44.04	 0.957	 -0.633	 0.338	 0.172	 0.198	 0.193	 0.172	 0.319	 1.00	 0.00	 0.338	 0.172	 0.198	 0.193	 0.172	 0.319 
100	 1.10	 0.00	 1	 0.881	 3	 65520	 8.63	 0.957	 -0.633	 0.790	 0.085	 0.084	 0.031	 0.085	 0.039	 1.10	 0.80	 0.790	 0.085	 0.084	 0.031	 0.085	 0.039 
101	 1.10	 0.10	 1	 0.882	 3	 65520	 12.62	 0.957	 -0.633	 0.762	 0.094	 0.120	 0.047	 0.094	 0.050	 1.10	 0.70	 0.762	 0.094	 0.120	 0.047	 0.094	 0.050 
102	 1.10	 0.20	 1	 0.884	 3	 65520	 17.57	 0.957	 -0.633	 0.714	 0.108	 0.158	 0.068	 0.108	 0.070	 1.10	 0.60	 0.714	 0.108	 0.158	 0.068	 0.108	 0.070 
103	 1.10	 0.30	 1	 0.885	 3	 65520	 21.51	 0.957	 -0.633	 0.667	 0.121	 0.182	 0.086	 0.121	 0.091	 1.10	 0.50	 0.667	 0.121	 0.182	 0.086	 0.121	 0.091 
104	 1.10	 0.40	 1	 0.885	 3	 65520	 25.43	 0.957	 -0.633	 0.614	 0.134	 0.199	 0.106	 0.134	 0.118	 1.10	 0.40	 0.614	 0.134	 0.199	 0.106	 0.134	 0.118 
105	 1.10	 0.50	 1	 0.886	 3	 65520	 30.32	 0.957	 -0.633	 0.542	 0.149	 0.212	 0.131	 0.149	 0.159	 1.10	 0.30	 0.542	 0.149	 0.212	 0.131	 0.149	 0.159 
106	 1.10	 0.60	 1	 0.886	 3	 65520	 34.23	 0.957	 -0.633	 0.483	 0.160	 0.215	 0.150	 0.160	 0.198	 1.10	 0.20	 0.483	 0.160	 0.215	 0.150	 0.160	 0.198 
107	 1.10	 0.70	 1	 0.886	 3	 65520	 38.14	 0.957	 -0.633	 0.424	 0.167	 0.212	 0.169	 0.167	 0.243	 1.10	 0.10	 0.424	 0.167	 0.212	 0.169	 0.167	 0.243 
108	 1.10	 0.80	 1	 0.885	 3	 65520	 42.07	 0.957	 -0.633	 0.366	 0.171	 0.204	 0.186	 0.171	 0.292	 1.10	 0.00	 0.366	 0.171	 0.204	 0.186	 0.171	 0.292 
109	 1.20	 0.00	 1	 0.880	 3	 65520	 7.63	 0.957	 -0.633	 0.796	 0.084	 0.075	 0.027	 0.084	 0.037	 1.20	 0.80	 0.796	 0.084	 0.075	 0.027	 0.084	 0.037 
110	 1.20	 0.10	 1	 0.882	 3	 65520	 11.63	 0.957	 -0.633	 0.770	 0.092	 0.111	 0.043	 0.092	 0.047	 1.20	 0.70	 0.770	 0.092	 0.111	 0.043	 0.092	 0.047 
111	 1.20	 0.20	 1	 0.883	 3	 65520	 15.60	 0.957	 -0.633	 0.734	 0.102	 0.144	 0.059	 0.102	 0.061	 1.20	 0.60	 0.734	 0.102	 0.144	 0.059	 0.102	 0.061 
112	 1.20	 0.30	 1	 0.885	 3	 65520	 20.53	 0.957	 -0.633	 0.679	 0.118	 0.176	 0.081	 0.118	 0.085	 1.20	 0.50	 0.679	 0.118	 0.176	 0.081	 0.118	 0.085 
113	 1.20	 0.40	 1	 0.885	 3	 65520	 24.45	 0.957	 -0.633	 0.627	 0.131	 0.196	 0.101	 0.131	 0.110	 1.20	 0.40	 0.627	 0.131	 0.196	 0.101	 0.131	 0.110 
114	 1.20	 0.50	 1	 0.886	 3	 65520	 28.36	 0.957	 -0.633	 0.571	 0.144	 0.208	 0.121	 0.144	 0.141	 1.20	 0.30	 0.571	 0.144	 0.208	 0.121	 0.144	 0.141 
115	 1.20	 0.60	 1	 0.886	 3	 65520	 32.27	 0.957	 -0.633	 0.513	 0.155	 0.214	 0.141	 0.155	 0.178	 1.20	 0.20	 0.513	 0.155	 0.214	 0.141	 0.155	 0.178 
116	 1.20	 0.70	 1	 0.886	 3	 65520	 37.16	 0.957	 -0.633	 0.438	 0.165	 0.214	 0.165	 0.165	 0.231	 1.20	 0.10	 0.438	 0.165	 0.214	 0.165	 0.165	 0.231 
117	 1.20	 0.80	 1	 0.885	 3	 65520	 41.09	 0.957	 -0.633	 0.380	 0.170	 0.207	 0.182	 0.170	 0.279	 1.20	 0.00	 0.380	 0.170	 0.207	 0.182	 0.170	 0.279 
118	 1.30	 0.00	 1	 0.879	 3	 65520	 5.62	 0.957	 -0.633	 0.805	 0.081	 0.056	 0.020	 0.081	 0.034	 1.30	 0.80	 0.805	 0.081	 0.056	 0.020	 0.081	 0.034 
119	 1.30	 0.10	 1	 0.881	 3	 65520	 9.63	 0.957	 -0.633	 0.784	 0.087	 0.094	 0.035	 0.087	 0.041	 1.30	 0.70	 0.784	 0.087	 0.094	 0.035	 0.087	 0.041 
120	 1.30	 0.20	 1	 0.883	 3	 65520	 14.61	 0.957	 -0.633	 0.744	 0.100	 0.136	 0.055	 0.100	 0.057	 1.30	 0.60	 0.744	 0.100	 0.136	 0.055	 0.100	 0.057 
121	 1.30	 0.30	 1	 0.884	 3	 65520	 18.56	 0.957	 -0.633	 0.702	 0.112	 0.164	 0.072	 0.112	 0.074	 1.30	 0.50	 0.702	 0.112	 0.164	 0.072	 0.112	 0.074 
122	 1.30	 0.40	 1	 0.885	 3	 65520	 22.49	 0.957	 -0.633	 0.654	 0.125	 0.187	 0.091	 0.125	 0.097	 1.30	 0.40	 0.654	 0.125	 0.187	 0.091	 0.125	 0.097 
123	 1.30	 0.50	 1	 0.886	 3	 65520	 27.38	 0.957	 -0.633	 0.586	 0.141	 0.206	 0.116	 0.141	 0.133	 1.30	 0.30	 0.586	 0.141	 0.206	 0.116	 0.141	 0.133 
124	 1.30	 0.60	 1	 0.886	 3	 65520	 31.29	 0.957	 -0.633	 0.528	 0.152	 0.214	 0.136	 0.152	 0.168	 1.30	 0.20	 0.528	 0.152	 0.214	 0.136	 0.152	 0.168 
125	 1.30	 0.70	 1	 0.886	 3	 65520	 35.21	 0.957	 -0.633	 0.468	 0.162	 0.215	 0.155	 0.162	 0.209	 1.30	 0.10	 0.468	 0.162	 0.215	 0.155	 0.162	 0.209 
126	 1.30	 0.80	 1	 0.885	 3	 65520	 40.11	 0.957	 -0.633	 0.394	 0.169	 0.209	 0.178	 0.169	 0.267	 1.30	 0.00	 0.394	 0.169	 0.209	 0.178	 0.169	 0.267 
127	 1.40	 0.00	 1	 0.879	 3	 65520	 4.62	 0.957	 -0.633	 0.808	 0.080	 0.046	 0.016	 0.080	 0.032	 1.40	 0.80	 0.808	 0.080	 0.046	 0.016	 0.080	 0.032 
128	 1.40	 0.10	 1	 0.881	 3	 65520	 8.63	 0.957	 -0.633	 0.790	 0.085	 0.084	 0.031	 0.085	 0.039	 1.40	 0.70	 0.790	 0.085	 0.084	 0.031	 0.085	 0.039 
129	 1.40	 0.20	 1	 0.882	 3	 65520	 12.62	 0.957	 -0.633	 0.762	 0.094	 0.120	 0.047	 0.094	 0.050	 1.40	 0.60	 0.762	 0.094	 0.120	 0.047	 0.094	 0.050 
130	 1.40	 0.30	 1	 0.884	 3	 65520	 17.57	 0.957	 -0.633	 0.714	 0.108	 0.158	 0.068	 0.108	 0.070	 1.40	 0.50	 0.714	 0.108	 0.158	 0.068	 0.108	 0.070 
131	 1.40	 0.40	 1	 0.885	 3	 65520	 21.51	 0.957	 -0.633	 0.667	 0.121	 0.182	 0.086	 0.121	 0.091	 1.40	 0.40	 0.667	 0.121	 0.182	 0.086	 0.121	 0.091 
132	 1.40	 0.50	 1	 0.885	 3	 65520	 25.43	 0.957	 -0.633	 0.614	 0.134	 0.199	 0.106	 0.134	 0.118	 1.40	 0.30	 0.614	 0.134	 0.199	 0.106	 0.134	 0.118 
133	 1.40	 0.60	 1	 0.886	 3	 65520	 29.34	 0.957	 -0.633	 0.557	 0.147	 0.210	 0.126	 0.147	 0.150	 1.40	 0.20	 0.557	 0.147	 0.210	 0.126	 0.147	 0.150 
134	 1.40	 0.70	 1	 0.886	 3	 65520	 34.23	 0.957	 -0.633	 0.483	 0.160	 0.215	 0.150	 0.160	 0.198	 1.40	 0.10	 0.483	 0.160	 0.215	 0.150	 0.160	 0.198 
135	 1.40	 0.80	 1	 0.886	 3	 65520	 38.14	 0.957	 -0.633	 0.424	 0.167	 0.212	 0.169	 0.167	 0.243	 1.40	 0.00	 0.424	 0.167	 0.212	 0.169	 0.167	 0.243 
136	 1.50	 0.00	 1	 0.878	 3	 65520	 2.60	 0.957	 -0.633	 0.813	 0.078	 0.026	 0.009	 0.078	 0.031	 1.50	 0.80	 0.813	 0.078	 0.026	 0.009	 0.078	 0.031 
137	 1.50	 0.10	 1	 0.880	 3	 65520	 6.63	 0.957	 -0.633	 0.801	 0.082	 0.065	 0.023	 0.082	 0.035	 1.50	 0.70	 0.801	 0.082	 0.065	 0.023	 0.082	 0.035 
138	 1.50	 0.20	 1	 0.882	 3	 65520	 11.63	 0.957	 -0.633	 0.770	 0.092	 0.111	 0.043	 0.092	 0.047	 1.50	 0.60	 0.770	 0.092	 0.111	 0.043	 0.092	 0.047 
139	 1.50	 0.30	 1	 0.883	 3	 65520	 15.60	 0.957	 -0.633	 0.734	 0.102	 0.144	 0.059	 0.102	 0.061	 1.50	 0.50	 0.734	 0.102	 0.144	 0.059	 0.102	 0.061 
140	 1.50	 0.40	 1	 0.884	 3	 65520	 19.54	 0.957	 -0.633	 0.691	 0.115	 0.171	 0.077	 0.115	 0.080	 1.50	 0.40	 0.691	 0.115	 0.171	 0.077	 0.115	 0.080 
141	 1.50	 0.50	 1	 0.885	 3	 65520	 24.45	 0.957	 -0.633	 0.627	 0.131	 0.196	 0.101	 0.131	 0.110	 1.50	 0.30	 0.627	 0.131	 0.196	 0.101	 0.131	 0.110 
142	 1.50	 0.60	 1	 0.886	 3	 65520	 28.36	 0.957	 -0.633	 0.571	 0.144	 0.208	 0.121	 0.144	 0.141	 1.50	 0.20	 0.571	 0.144	 0.208	 0.121	 0.144	 0.141 
143	 1.50	 0.70	 1	 0.886	 3	 65520	 32.27	 0.957	 -0.633	 0.513	 0.155	 0.214	 0.141	 0.155	 0.178	 1.50	 0.10	 0.513	 0.155	 0.214	 0.141	 0.155	 0.178 
144	 1.50	 0.80	 1	 0.886	 3	 65520	 36.19	 0.957	 -0.633	 0.453	 0.164	 0.214	 0.160	 0.164	 0.220	 1.50	 0.00	 0.453	 0.164	 0.214	 0.160	 0.164	 0.220 
145	 1.60	 0.00	 1	 0.878	 3	 65520	 1.59	 0.957	 -0.633	 0.815	 0.078	 0.015	 0.005	 0.078	 0.030	 1.60	 0.80	 0.815	 0.078	 0.015	 0.005	 0.078	 0.030 
146	 1.60	 0.10	 1	 0.879	 3	 65520	 5.62	 0.957	 -0.633	 0.805	 0.081	 0.056	 0.020	 0.081	 0.034	 1.60	 0.70	 0.805	 0.081	 0.056	 0.020	 0.081	 0.034 
147	 1.60	 0.20	 1	 0.881	 3	 65520	 9.63	 0.957	 -0.633	 0.784	 0.087	 0.094	 0.035	 0.087	 0.041	 1.60	 0.60	 0.784	 0.087	 0.094	 0.035	 0.087	 0.041 
148	 1.60	 0.30	 1	 0.883	 3	 65520	 14.61	 0.957	 -0.633	 0.744	 0.100	 0.136	 0.055	 0.100	 0.057	 1.60	 0.50	 0.744	 0.100	 0.136	 0.055	 0.100	 0.057 
149	 1.60	 0.40	 1	 0.884	 3	 65520	 18.56	 0.957	 -0.633	 0.702	 0.112	 0.164	 0.072	 0.112	 0.074	 1.60	 0.40	 0.702	 0.112	 0.164	 0.072	 0.112	 0.074 
150	 1.60	 0.50	 1	 0.885	 3	 65520	 22.49	 0.957	 -0.633	 0.654	 0.125	 0.187	 0.091	 0.125	 0.097	 1.60	 0.30	 0.654	 0.125	 0.187	 0.091	 0.125	 0.097 
151	 1.60	 0.60	 1	 0.886	 3	 65520	 26.41	 0.957	 -0.633	 0.600	 0.137	 0.203	 0.111	 0.137	 0.125	 1.60	 0.20	 0.600	 0.137	 0.203	 0.111	 0.137	 0.125 
152	 1.60	 0.70	 1	 0.886	 3	 65520	 31.29	 0.957	 -0.633	 0.528	 0.152	 0.214	 0.136	 0.152	 0.168	 1.60	 0.10	 0.528	 0.152	 0.214	 0.136	 0.152	 0.168 
153	 1.60	 0.80	 1	 0.886	 3	 65520	 35.21	 0.957	 -0.633	 0.468	 0.162	 0.215	 0.155	 0.162	 0.209	 1.60	 0.00	 0.468	 0.162	 0.215	 0.155	 0.162	 0.209 
154	 1.70	 0.00	 1	 0.877	 3	 65520	 179.56	 0.957	 -0.633	 0.815	 0.077	 -0.005	 -0.002	 0.077	 0.030	 1.70	 0.80	 0.815	 0.077	 -0.005	 -0.002	 0.077	 0.030 
155	 1.70	 0.10	 1	 0.879	 3	 65520	 3.61	 0.957	 -0.633	 0.811	 0.079	 0.036	 0.012	 0.079	 0.031	 1.70	 0.70	 0.811	 0.079	 0.036	 0.012	 0.079	 0.031 
156	 1.70	 0.20	 1	 0.881	 3	 65520	 8.63	 0.957	 -0.633	 0.790	 0.085	 0.084	 0.031	 0.085	 0.039	 1.70	 0.60	 0.790	 0.085	 0.084	 0.031	 0.085	 0.039 
157	 1.70	 0.30	 1	 0.882	 3	 65520	 12.62	 0.957	 -0.633	 0.762	 0.094	 0.120	 0.047	 0.094	 0.050	 1.70	 0.50	 0.762	 0.094	 0.120	 0.047	 0.094	 0.050 
158	 1.70	 0.40	 1	 0.883	 3	 65520	 16.59	 0.957	 -0.633	 0.724	 0.105	 0.151	 0.063	 0.105	 0.065	 1.70	 0.40	 0.724	 0.105	 0.151	 0.063	 0.105	 0.065 
159	 1.70	 0.50	 1	 0.885	 3	 65520	 21.51	 0.957	 -0.633	 0.667	 0.121	 0.182	 0.086	 0.121	 0.091	 1.70	 0.30	 0.667	 0.121	 0.182	 0.086	 0.121	 0.091 
160	 1.70	 0.60	 1	 0.885	 3	 65520	 25.43	 0.957	 -0.633	 0.614	 0.134	 0.199	 0.106	 0.134	 0.118	 1.70	 0.20	 0.614	 0.134	 0.199	 0.106	 0.134	 0.118 
161	 1.70	 0.70	 1	 0.886	 3	 65520	 29.34	 0.957	 -0.633	 0.557	 0.147	 0.210	 0.126	 0.147	 0.150	 1.70	 0.10	 0.557	 0.147	 0.210	 0.126	 0.147	 0.150 
162	 1.70	 0.80	 1	 0.886	 3	 65520	 33.25	 0.957	 -0.633	 0.498	 0.157	 0.215	 0.146	 0.157	 0.188	 1.70	 0.00	 0.498	 0.157	 0.215	 0.146	 0.157	 0.188 
163	 1.80	 0.00	 1	 0.877	 3	 65520	 178.55	 0.957	 -0.633	 0.815	 0.078	 -0.015	 -0.005	 0.078	 0.030	 1.80	 0.80	 0.815	 0.078	 -0.015	 -0.005	 0.078	 0.030 
164	 1.80	 0.10	 1	 0.878	 3	 65520	 2.60	 0.957	 -0.633	 0.813	 0.078	 0.026	 0.009	 0.078	 0.031	 1.80	 0.70	 0.813	 0.078	 0.026	 0.009	 0.078	 0.031 
165	 1.80	 0.20	 1	 0.880	 3	 65520	 6.63	 0.957	 -0.633	 0.801	 0.082	 0.065	 0.023	 0.082	 0.035	 1.80	 0.60	 0.801	 0.082	 0.065	 0.023	 0.082	 0.035 
166	 1.80	 0.30	 1	 0.882	 3	 65520	 11.63	 0.957	 -0.633	 0.770	 0.092	 0.111	 0.043	 0.092	 0.047	 1.80	 0.50	 0.770	 0.092	 0.111	 0.043	 0.092	 0.047 
167	 1.80	 0.40	 1	 0.883	 3	 65520	 15.60	 0.957	 -0.633	 0.734	 0.102	 0.144	 0.059	 0.102	 0.061	 1.80	 0.40	 0.734	 0.102	 0.144	 0.059	 0.102	 0.061 
168	 1.80	 0.50	 1	 0.884	 3	 65520	 19.54	 0.957	 -0.633	 0.691	 0.115	 0.171	 0.077	 0.115	 0.080	 1.80	 0.30	 0.691	 0.115	 0.171	 0.077	 0.115	 0.080 
169	 1.80	 0.60	 1	 0.885	 3	 65520	 23.47	 0.957	 -0.633	 0.641	 0.128	 0.191	 0.096	 0.128	 0.104	 1.80	 0.20	 0.641	 0.128	 0.191	 0.096	 0.128	 0.104 
170	 1.80	 0.70	 1	 0.886	 3	 65520	 28.36	 0.957	 -0.633	 0.571	 0.144	 0.208	 0.121	 0.144	 0.141	 1.80	 0.10	 0.571	 0.144	 0.208	 0.121	 0.144	 0.141 
171	 1.80	 0.80	 1	 0.886	 3	 65520	 32.27	 0.957	 -0.633	 0.513	 0.155	 0.214	 0.141	 0.155	 0.178	 1.80	 0.00	 0.513	 0.155	 0.214	 0.141	 0.155	 0.178 
172	 1.90	 0.00	 1	 0.876	 3	 65520	 176.52	 0.957	 -0.633	 0.811	 0.079	 -0.036	 -0.012	 0.079	 0.031	 1.90	 0.80	 0.811	 0.079	 -0.036	 -0.012	 0.079	 0.031 
173	 1.90	 0.10	 1	 0.877	 3	 65520	 0.58	 0.957	 -0.633	 0.815	 0.077	 0.005	 0.002	 0.077	 0.030	 1.90	 0.70	 0.815	 0.077	 0.005	 0.002	 0.077	 0.030 
174	 1.90	 0.20	 1	 0.879	 3	 65520	 5.62	 0.957	 -0.633	 0.805	 0.081	 0.056	 0.020	 0.081	 0.034	 1.90	 0.60	 0.805	 0.081	 0.056	 0.020	 0.081	 0.034 
175	 1.90	 0.30	 1	 0.881	 3	 65520	 9.63	 0.957	 -0.633	 0.784	 0.087	 0.094	 0.035	 0.087	 0.041	 1.90	 0.50	 0.784	 0.087	 0.094	 0.035	 0.087	 0.041 
176	 1.90	 0.40	 1	 0.882	 3	 65520	 13.62	 0.957	 -0.633	 0.753	 0.097	 0.128	 0.051	 0.097	 0.053	 1.90	 0.40	 0.753	 0.097	 0.128	 0.051	 0.097	 0.053 
177	 1.90	 0.50	 1	 0.884	 3	 65520	 18.56	 0.957	 -0.633	 0.702	 0.112	 0.164	 0.072	 0.112	 0.074	 1.90	 0.30	 0.702	 0.112	 0.164	 0.072	 0.112	 0.074 
178	 1.90	 0.60	 1	 0.885	 3	 65520	 22.49	 0.957	 -0.633	 0.654	 0.125	 0.187	 0.091	 0.125	 0.097	 1.90	 0.20	 0.654	 0.125	 0.187	 0.091	 0.125	 0.097 
179	 1.90	 0.70	 1	 0.886	 3	 65520	 26.41	 0.957	 -0.633	 0.600	 0.137	 0.203	 0.111	 0.137	 0.125	 1.90	 0.10	 0.600	 0.137	 0.203	 0.111	 0.137	 0.125 
180	 1.90	 0.80	 1	 0.886	 3	 65520	 30.32	 0.957	 -0.633	 0.542	 0.149	 0.212	 0.131	 0.149	 0.159	 1.90	 0.00	 0.542	 0.149	 0.212	 0.131	 0.149	 0.159 
