5 5
0.00000 0.00000
27 33 40 48 58 70 84 101 121 144 171 203 240 283 334 392 459 537 626 728 845 978 1129 1300 1494 1712 1957 2231 2538 2879 3258 3678 4142 4653 5213 5827 6496 7224 8014 8868 9788 10777 11836 12967 14170 15447 16796 18218 19710 21272 22900 24591 26341 28145 29998 31893 33822 35779 37755 39740 41726 43701 45655 47578 49458 51283 53044 54727 56324 57822 59211 60483 61628 62637 63505 64223 64788 65194 65439 65520 65439 65194 64788 64223 63505 62637 61628 60483 59211 57822 56324 54727 53044 51283 49458 47578 45655 43701 41726 39740 37755 35779 33822 31893 29998 28145 26341 24591 22900 21272 19710 18218 16796 15447 14170 12967 11836 10777 9788 8868 8014 7224 6496 5827 5213 4653 4142 3678 3258 2879 2538 2231 1957 1712 1494 1300 1129 978 845 728 626 537 459 392 334 283 240 203 171 144 121 101 84 70 58 48 40 33 27 22 18 15 12 10 8 7 6 5 4 3 4 5 6 7 8 10 12 15 18 22 27 33 40 48 58 70 84 101 121 144 171 203 240 283 334 392 459 537 626 728 845 978 1129 1300 1494 1712 1957 2231 2538 2879 3258 3678 4142 4653 5213 5827 6496 7224 8014 8868 9788 10777 11836 12967 14170 15447 16796 18218 19710 21272 22900 24591 26341 28145 29998 31893 33822 35779 37755 39740 41726 43701 45655 47578 49458 51283 53044 54727 56324 57822 59211 60483 61628 62637 63505 64223 64788 65194 65439 65520 65439 65194 64788 64223 63505 62637 61628 60483 59211 57822 56324 54727 53044 51283 49458 47578 45655 43701 41726 39740 37755 35779 33822 31893 29998 28145 26341 24591 22900 21272 19710 18218 16796 15447 14170 12967 11836 10777 9788 8868 8014 7224 6496 5827 5213 4653 4142 3678 3258 2879 2538 2231 1957 1712 1494 1300 1129 978 845 728 626 537 459 392 334 283 240 203 171 144 121 101 84 70 58 48 40 33 27 22 18 15 12 10 8 7 6 5 4 3 4 5 6 7 8 10 12 15 18 22 
1 1 1 1 1 1 1 1 1 1 1 1 1 1 1 1 1 1 1 1 1 1 1 1 1 1 1 1 1 1 1 1 1 1 1 1 1 1 1 1 1 1 1 1 1 1 1 1 1 1 1 1 1 1 1 1 1 1 1 1 1 1 1 1 1 1 1 1 1 1 1 1 1 1 1 1 1 1 1 1 1 1 1 1 1 1 1 1 1 1 1 1 1 1 1 1 1 1 1 1 1 1 1 1 1 1 1 1 1 1 1 1 1 1 1 1 1 1 1 1 1 1 1 1 1 1 1 1 1 1 1 1 1 1 1 1 1 1 1 1 1 1 1 1 1 1 1 1 1 1 1 1 1 1 1 1 1 1 1 1 1 1 1 1 1 1 1 1 1 1 1 1 1 1 1 1 1 1 1 1 1 1 1 1 1 1 1 1 1 1 1 1 1 1 1 1 1 1 1 1 1 1 1 1 1 1 1 1 1 1 1 1 1 1 1 1 1 1 1 1 1 1 1 1 1 1 1 1 1 1 1 1 1 1 1 1 1 1 1 1 1 1 1 1 1 1 1 1 1 1 1 1 1 1 1 1 1 1 1 1 1 1 1 1 1 1 1 1 1 1 1 1 1 1 1 1 1 1 1 1 1 1 1 1 1 1 1 1 1 1 1 1 1 1 1 1 1 1 1 1 1 1 1 1 1 1 1 1 1 1 1 1 1 1 1 1 1 1 1 1 1 1 1 1 1 1 1 1 1 1 1 1 1 1 1 1 1 1 1 1 1 1 1 1 1 1 1 1 1 1 1 1 1 1 1 1 1 1 1 1 1 1 1 1 1 1 1 1 1 1 1 1 1 1 1 1 1 1 1 1 1 1 1 1 1 1 1 1 1 1 1 1 1 1 1 1 1 1 1 1 
1.00 1.00 1.00 1.00 1.00 
1.00000 0.00000
845 978 1129 1300 1494 1712 1957 2231 2538 2879 3258 3678 4142 4653 5213 5827 6496 7224 8014 8868 9788 10777 11836 12967 14170 15447 16796 18218 19710 21272 22900 24591 26341 28145 29998 31893 33822 35779 37755 39740 41726 43701 45655 47578 49458 51283 53044 54727 56324 57822 59211 60483 61628 62637 63505 64223 64788 65194 65439 65520 65439 65194 64788 64223 63505 62637 61628 60483 59211 57822 56324 54727 53044 51283 49458 47578 45655 43701 41726 39740 37755 35779 33822 31893 29998 28145 26341 24591 22900 21272 19710 18218 16796 15447 14170 12967 11836 10777 9788 8868 8014 7224 6496 5827 5213 4653 4142 3678 3258 2879 2538 2231 1957 1712 1494 1300 1129 978 845 728 626 537 459 392 334 283 240 203 171 144 121 101 84 70 58 48 40 33 27 22 18 15 12 10 8 7 6 5 4 3 4 5 6 7 8 10 12 15 18 22 27 33 40 48 58 70 84 101 121 144 171 203 240 283 334 392 459 537 626 728 845 978 1129 1300 1494 1712 1957 2231 2538 2879 3258 3678 4142 4653 5213 5827 6496 7224 8014 8868 9788 10777 11836 12967 14170 15447 16796 18218 19710 21272 22900 24591 26341 28145 29998 31893 33822 35779 37755 39740 41726 43701 45655 47578 49458 51283 53044 54727 56324 57822 59211 60483 61628 62637 63505 64223 64788 65194 65439 65520 65439 65194 64788 64223 63505 62637 61628 60483 59211 57822 56324 54727 53044 51283 49458 47578 45655 43701 41726 39740 37755 35779 33822 31893 29998 28145 26341 24591 22900 21272 19710 18218 16796 15447 14170 12967 11836 10777 9788 8868 8014 7224 6496 5827 5213 4653 4142 3678 3258 2879 2538 2231 1957 1712 1494 1300 1129 978 845 728 626 537 459 392 334 283 240 203 171 144 121 101 84 70 58 48 40 33 27 22 18 15 12 10 8 7 6 5 4 3 4 5 6 7 8 10 12 15 18 22 27 33 40 48 58 70 84 101 121 144 171 203 240 283 334 392 459 537 626 728 
1 1 1 1 1 1 1 1 1 1 1 1 1 1 1 1 1 1 1 1 1 1 1 1 1 1 1 1 1 1 1 1 1 1 1 1 1 1 1 1 1 1 1 1 1 1 1 1 1 1 1 1 1 1 1 1 1 1 1 1 1 1 1 1 1 1 1 1 1 1 1 1 1 1 1 1 1 1 1 1 1 1 1 1 1 1 1 1 1 1 1 1 1 1 1 1 1 1 1 1 1 1 1 1 1 1 1 1 1 1 1 1 1 1 1 1 1 1 1 1 1 1 1 1 1 1 1 1 1 1 1 1 1 1 1 1 1 1 1 1 1 1 1 1 1 1 1 1 1 1 1 1 1 1 1 1 1 1 1 1 1 1 1 1 1 1 1 1 1 1 1 1 1 1 1 1 1 1 1 1 1 1 1 1 1 1 1 1 1 1 1 1 1 1 1 1 1 1 1 1 1 1 1 1 1 1 1 1 1 1 1 1 1 1 1 1 1 1 1 1 1 1 1 1 1 1 1 1 1 1 1 1 1 1 1 1 1 1 1 1 1 1 1 1 1 1 1 1 1 1 1 1 1 1 1 1 1 1 1 1 1 1 1 1 1 1 1 1 1 1 1 1 1 1 1 1 1 1 1 1 1 1 1 1 1 1 1 1 1 1 1 1 1 1 1 1 1 1 1 1 1 1 1 1 1 1 1 1 1 1 1 1 1 1 1 1 1 1 1 1 1 1 1 1 1 1 1 1 1 1 1 1 1 1 1 1 1 1 1 1 1 1 1 1 1 1 1 1 1 1 1 1 1 1 1 1 1 1 1 1 1 1 1 1 1 1 1 1 1 1 1 1 1 1 1 1 1 1 1 1 1 1 1 1 1 1 1 1 1 1 1 1 1 1 1 1 1 1 1 1 
1.00 1.00 1.00 1.00 1.00 
2.00000 0.00000
171 203 240 283 334 392 459 537 626 728 845 978 1129 1300 1494 1712 1957 2231 2538 2879 3258 3678 4142 4653 5213 5827 6496 7224 8014 8868 9788 10777 11836 12967 14170 15447 16796 18218 19710 21272 22900 24591 26341 28145 29998 31893 33822 35779 37755 39740 41726 43701 45655 47578 49458 51283 53044 54727 56324 57822 59211 60483 61628 62637 63505 64223 64788 65194 65439 65520 65439 65194 64788 64223 63505 62637 61628 60483 59211 57822 56324 54727 53044 51283 49458 47578 45655 43701 41726 39740 37755 35779 33822 31893 29998 28145 26341 24591 22900 21272 19710 18218 16796 15447 14170 12967 11836 10777 9788 8868 8014 7224 6496 5827 5213 4653 4142 3678 3258 2879 2538 2231 1957 1712 1494 1300 1129 978 845 728 626 537 459 392 334 283 240 203 171 144 121 101 84 70 58 48 40 33 27 22 18 15 12 10 8 7 6 5 4 3 4 5 6 7 8 10 12 15 18 22 27 33 40 48 58 70 84 101 121 144 171 203 240 283 334 392 459 537 626 728 845 978 1129 1300 1494 1712 1957 2231 2538 2879 3258 3678 4142 4653 5213 5827 6496 7224 8014 8868 9788 10777 11836 12967 14170 15447 16796 18218 19710 21272 22900 24591 26341 28145 29998 31893 33822 35779 37755 39740 41726 43701 45655 47578 49458 51283 53044 54727 56324 57822 59211 60483 61628 62637 63505 64223 64788 65194 65439 65520 65439 65194 64788 64223 63505 62637 61628 60483 59211 57822 56324 54727 53044 51283 49458 47578 45655 43701 41726 39740 37755 35779 33822 31893 29998 28145 26341 24591 22900 21272 19710 18218 16796 15447 14170 12967 11836 10777 9788 8868 8014 7224 6496 5827 5213 4653 4142 3678 3258 2879 2538 2231 1957 1712 1494 1300 1129 978 845 728 626 537 459 392 334 283 240 203 171 144 121 101 84 70 58 48 40 33 27 22 18 15 12 10 8 7 6 5 4 3 4 5 6 7 8 10 12 15 18 22 27 33 40 48 58 70 84 101 121 144 
1 1 1 1 1 1 1 1 1 1 1 1 1 1 1 1 1 1 1 1 1 1 1 1 1 1 1 1 1 1 1 1 1 1 1 1 1 1 1 1 1 1 1 1 1 1 1 1 1 1 1 1 1 1 1 1 1 1 1 1 1 1 1 1 1 1 1 1 1 1 1 1 1 1 1 1 1 1 1 1 1 1 1 1 1 1 1 1 1 1 1 1 1 1 1 1 1 1 1 1 1 1 1 1 1 1 1 1 1 1 1 1 1 1 1 1 1 1 1 1 1 1 1 1 1 1 1 1 1 1 1 1 1 1 1 1 1 1 1 1 1 1 1 1 1 1 1 1 1 1 1 1 1 1 1 1 1 1 1 1 1 1 1 1 1 1 1 1 1 1 1 1 1 1 1 1 1 1 1 1 1 1 1 1 1 1 1 1 1 1 1 1 1 1 1 1 1 1 1 1 1 1 1 1 1 1 1 1 1 1 1 1 1 1 1 1 1 1 1 1 1 1 1 1 1 1 1 1 1 1 1 1 1 1 1 1 1 1 1 1 1 1 1 1 1 1 1 1 1 1 1 1 1 1 1 1 1 1 1 1 1 1 1 1 1 1 1 1 1 1 1 1 1 1 1 1 1 1 1 1 1 1 1 1 1 1 1 1 1 1 1 1 1 1 1 1 1 1 1 1 1 1 1 1 1 1 1 1 1 1 1 1 1 1 1 1 1 1 1 1 1 1 1 1 1 1 1 1 1 1 1 1 1 1 1 1 1 1 1 1 1 1 1 1 1 1 1 1 1 1 1 1 1 1 1 1 1 1 1 1 1 1 1 1 1 1 1 1 1 1 1 1 1 1 1 1 1 1 1 1 1 1 1 1 1 1 1 1 1 1 1 1 1 1 1 1 1 1 1 1 
1.00 1.00 1.00 1.00 1.00 
3.00000 0.00000
27 33 40 48 58 70 84 101 121 144 171 203 240 283 334 392 459 537 626 728 845 978 1129 1300 1494 1712 1957 2231 2538 2879 3258 3678 4142 4653 5213 5827 6496 7224 8014 8868 9788 10777 11836 12967 14170 15447 16796 18218 19710 21272 22900 24591 26341 28145 29998 31893 33822 35779 37755 39740 41726 43701 45655 47578 49458 51283 53044 54727 56324 57822 59211 60483 61628 62637 63505 64223 64788 65194 65439 65520 65439 65194 64788 64223 63505 62637 61628 60483 59211 57822 56324 54727 53044 51283 49458 47578 45655 43701 41726 39740 37755 35779 33822 31893 29998 28145 26341 24591 22900 21272 19710 18218 16796 15447 14170 12967 11836 10777 9788 8868 8014 7224 6496 5827 5213 4653 4142 3678 3258 2879 2538 2231 1957 1712 1494 1300 1129 978 845 728 626 537 459 392 334 283 240 203 171 144 121 101 84 70 58 48 40 33 27 22 18 15 12 10 8 7 6 5 4 3 4 5 6 7 8 10 12 15 18 22 27 33 40 48 58 70 84 101 121 144 171 203 240 283 334 392 459 537 626 728 845 978 1129 1300 1494 1712 1957 2231 2538 2879 3258 3678 4142 4653 5213 5827 6496 7224 8014 8868 9788 10777 11836 12967 14170 15447 16796 18218 19710 21272 22900 24591 26341 28145 29998 31893 33822 35779 37755 39740 41726 43701 45655 47578 49458 51283 53044 54727 56324 57822 59211 60483 61628 62637 63505 64223 64788 65194 65439 65520 65439 65194 64788 64223 63505 62637 61628 60483 59211 57822 56324 54727 53044 51283 49458 47578 45655 43701 41726 39740 37755 35779 33822 31893 29998 28145 26341 24591 22900 21272 19710 18218 16796 15447 14170 12967 11836 10777 9788 8868 8014 7224 6496 5827 5213 4653 4142 3678 3258 2879 2538 2231 1957 1712 1494 1300 1129 978 845 728 626 537 459 392 334 283 240 203 171 144 121 101 84 70 58 48 40 33 27 22 18 15 12 10 8 7 6 5 4 3 4 5 6 7 8 10 12 15 18 22 
1 1 1 1 1 1 1 1 1 1 1 1 1 1 1 1 1 1 1 1 1 1 1 1 1 1 1 1 1 1 1 1 1 1 1 1 1 1 1 1 1 1 1 1 1 1 1 1 1 1 1 1 1 1 1 1 1 1 1 1 1 1 1 1 1 1 1 1 1 1 1 1 1 1 1 1 1 1 1 1 1 1 1 1 1 1 1 1 1 1 1 1 1 1 1 1 1 1 1 1 1 1 1 1 1 1 1 1 1 1 1 1 1 1 1 1 1 1 1 1 1 1 1 1 1 1 1 1 1 1 1 1 1 1 1 1 1 1 1 1 1 1 1 1 1 1 1 1 1 1 1 1 1 1 1 1 1 1 1 1 1 1 1 1 1 1 1 1 1 1 1 1 1 1 1 1 1 1 1 1 1 1 1 1 1 1 1 1 1 1 1 1 1 1 1 1 1 1 1 1 1 1 1 1 1 1 1 1 1 1 1 1 1 1 1 1 1 1 1 1 1 1 1 1 1 1 1 1 1 1 1 1 1 1 1 1 1 1 1 1 1 1 1 1 1 1 1 1 1 1 1 1 1 1 1 1 1 1 1 1 1 1 1 1 1 1 1 1 1 1 1 1 1 1 1 1 1 1 1 1 1 1 1 1 1 1 1 1 1 1 1 1 1 1 1 1 1 1 1 1 1 1 1 1 1 1 1 1 1 1 1 1 1 1 1 1 1 1 1 1 1 1 1 1 1 1 1 1 1 1 1 1 1 1 1 1 1 1 1 1 1 1 1 1 1 1 1 1 1 1 1 1 1 1 1 1 1 1 1 1 1 1 1 1 1 1 1 1 1 1 1 1 1 1 1 1 1 1 1 1 1 1 1 1 1 1 1 1 1 1 1 1 1 1 1 1 1 1 1 1 
1.00 1.00 1.00 1.00 1.00 
4.00000 0.00000
5 6 7 8 10 12 15 18 22 27 33 40 48 58 70 84 101 121 144 171 203 240 283 334 392 459 537 626 728 845 978 1129 1300 1494 1712 1957 2231 2538 2879 3258 3678 4142 4653 5213 5827 6496 7224 8014 8868 9788 10777 11836 12967 14170 15447 16796 18218 19710 21272 22900 24591 26341 28145 29998 31893 33822 35779 37755 39740 41726 43701 45655 47578 49458 51283 53044 54727 56324 57822 59211 60483 61628 62637 63505 64223 64788 65194 65439 65520 65439 65194 64788 64223 63505 62637 61628 60483 59211 57822 56324 54727 53044 51283 49458 47578 45655 43701 41726 39740 37755 35779 33822 31893 29998 28145 26341 24591 22900 21272 19710 18218 16796 15447 14170 12967 11836 10777 9788 8868 8014 7224 6496 5827 5213 4653 4142 3678 3258 2879 2538 2231 1957 1712 1494 1300 1129 978 845 728 626 537 459 392 334 283 240 203 171 144 121 101 84 70 58 48 40 33 27 22 18 15 12 10 8 7 6 5 4 3 4 5 6 7 8 10 12 15 18 22 27 33 40 48 58 70 84 101 121 144 171 203 240 283 334 392 459 537 626 728 845 978 1129 1300 1494 1712 1957 2231 2538 2879 3258 3678 4142 4653 5213 5827 6496 7224 8014 8868 9788 10777 11836 12967 14170 15447 16796 18218 19710 21272 22900 24591 26341 28145 29998 31893 33822 35779 37755 39740 41726 43701 45655 47578 49458 51283 53044 54727 56324 57822 59211 60483 61628 62637 63505 64223 64788 65194 65439 65520 65439 65194 64788 64223 63505 62637 61628 60483 59211 57822 56324 54727 53044 51283 49458 47578 45655 43701 41726 39740 37755 35779 33822 31893 29998 28145 26341 24591 22900 21272 19710 18218 16796 15447 14170 12967 11836 10777 9788 8868 8014 7224 6496 5827 5213 4653 4142 3678 3258 2879 2538 2231 1957 1712 1494 1300 1129 978 845 728 626 537 459 392 334 283 240 203 171 144 121 101 84 70 58 48 40 33 27 22 18 15 12 10 8 7 6 5 4 3 4 
1 1 1 1 1 1 1 1 1 1 1 1 1 1 1 1 1 1 1 1 1 1 1 1 1 1 1 1 1 1 1 1 1 1 1 1 1 1 1 1 1 1 1 1 1 1 1 1 1 1 1 1 1 1 1 1 1 1 1 1 1 1 1 1 1 1 1 1 1 1 1 1 1 1 1 1 1 1 1 1 1 1 1 1 1 1 1 1 1 1 1 1 1 1 1 1 1 1 1 1 1 1 1 1 1 1 1 1 1 1 1 1 1 1 1 1 1 1 1 1 1 1 1 1 1 1 1 1 1 1 1 1 1 1 1 1 1 1 1 1 1 1 1 1 1 1 1 1 1 1 1 1 1 1 1 1 1 1 1 1 1 1 1 1 1 1 1 1 1 1 1 1 1 1 1 1 1 1 1 1 1 1 1 1 1 1 1 1 1 1 1 1 1 1 1 1 1 1 1 1 1 1 1 1 1 1 1 1 1 1 1 1 1 1 1 1 1 1 1 1 1 1 1 1 1 1 1 1 1 1 1 1 1 1 1 1 1 1 1 1 1 1 1 1 1 1 1 1 1 1 1 1 1 1 1 1 1 1 1 1 1 1 1 1 1 1 1 1 1 1 1 1 1 1 1 1 1 1 1 1 1 1 1 1 1 1 1 1 1 1 1 1 1 1 1 1 1 1 1 1 1 1 1 1 1 1 1 1 1 1 1 1 1 1 1 1 1 1 1 1 1 1 1 1 1 1 1 1 1 1 1 1 1 1 1 1 1 1 1 1 1 1 1 1 1 1 1 1 1 1 1 1 1 1 1 1 1 1 1 1 1 1 1 1 1 1 1 1 1 1 1 1 1 1 1 1 1 1 1 1 1 1 1 1 1 1 1 1 1 1 1 1 1 1 1 1 1 1 1 1 
1.00 1.00 1.00 1.00 1.00 
4.00000 1.00000
12 15 18 22 27 33 40 48 58 70 84 101 121 144 171 203 240 283 334 392 459 537 626 728 845 978 1129 1300 1494 1712 1957 2231 2538 2879 3258 3678 4142 4653 5213 5827 6496 7224 8014 8868 9788 10777 11836 12967 14170 15447 16796 18218 19710 21272 22900 24591 26341 28145 29998 31893 33822 35779 37755 39740 41726 43701 45655 47578 49458 51283 53044 54727 56324 57822 59211 60483 61628 62637 63505 64223 64788 65194 65439 65520 65439 65194 64788 64223 63505 62637 61628 60483 59211 57822 56324 54727 53044 51283 49458 47578 45655 43701 41726 39740 37755 35779 33822 31893 29998 28145 26341 24591 22900 21272 19710 18218 16796 15447 14170 12967 11836 10777 9788 8868 8014 7224 6496 5827 5213 4653 4142 3678 3258 2879 2538 2231 1957 1712 1494 1300 1129 978 845 728 626 537 459 392 334 283 240 203 171 144 121 101 84 70 58 48 40 33 27 22 18 15 12 10 8 7 6 5 4 3 4 5 6 7 8 10 12 15 18 22 27 33 40 48 58 70 84 101 121 144 171 203 240 283 334 392 459 537 626 728 845 978 1129 1300 1494 1712 1957 2231 2538 2879 3258 3678 4142 4653 5213 5827 6496 7224 8014 8868 9788 10777 11836 12967 14170 15447 16796 18218 19710 21272 22900 24591 26341 28145 29998 31893 33822 35779 37755 39740 41726 43701 45655 47578 49458 51283 53044 54727 56324 57822 59211 60483 61628 62637 63505 64223 64788 65194 65439 65520 65439 65194 64788 64223 63505 62637 61628 60483 59211 57822 56324 54727 53044 51283 49458 47578 45655 43701 41726 39740 37755 35779 33822 31893 29998 28145 26341 24591 22900 21272 19710 18218 16796 15447 14170 12967 11836 10777 9788 8868 8014 7224 6496 5827 5213 4653 4142 3678 3258 2879 2538 2231 1957 1712 1494 1300 1129 978 845 728 626 537 459 392 334 283 240 203 171 144 121 101 84 70 58 48 40 33 27 22 18 15 12 10 8 7 6 5 4 3 4 5 6 7 8 10 
1 1 1 1 1 1 1 1 1 1 1 1 1 1 1 1 1 1 1 1 1 1 1 1 1 1 1 1 1 1 1 1 1 1 1 1 1 1 1 1 1 1 1 1 1 1 1 1 1 1 1 1 1 1 1 1 1 1 1 1 1 1 1 1 1 1 1 1 1 1 1 1 1 1 1 1 1 1 1 1 1 1 1 1 1 1 1 1 1 1 1 1 1 1 1 1 1 1 1 1 1 1 1 1 1 1 1 1 1 1 1 1 1 1 1 1 1 1 1 1 1 1 1 1 1 1 1 1 1 1 1 1 1 1 1 1 1 1 1 1 1 1 1 1 1 1 1 1 1 1 1 1 1 1 1 1 1 1 1 1 1 1 1 1 1 1 1 1 1 1 1 1 1 1 1 1 1 1 1 1 1 1 1 1 1 1 1 1 1 1 1 1 1 1 1 1 1 1 1 1 1 1 1 1 1 1 1 1 1 1 1 1 1 1 1 1 1 1 1 1 1 1 1 1 1 1 1 1 1 1 1 1 1 1 1 1 1 1 1 1 1 1 1 1 1 1 1 1 1 1 1 1 1 1 1 1 1 1 1 1 1 1 1 1 1 1 1 1 1 1 1 1 1 1 1 1 1 1 1 1 1 1 1 1 1 1 1 1 1 1 1 1 1 1 1 1 1 1 1 1 1 1 1 1 1 1 1 1 1 1 1 1 1 1 1 1 1 1 1 1 1 1 1 1 1 1 1 1 1 1 1 1 1 1 1 1 1 1 1 1 1 1 1 1 1 1 1 1 1 1 1 1 1 1 1 1 1 1 1 1 1 1 1 1 1 1 1 1 1 1 1 1 1 1 1 1 1 1 1 1 1 1 1 1 1 1 1 1 1 1 1 1 1 1 1 1 1 1 1 1 
1.00 1.00 1.00 1.00 1.00 
3.00000 1.00000
84 101 121 144 171 203 240 283 334 392 459 537 626 728 845 978 1129 1300 1494 1712 1957 2231 2538 2879 3258 3678 4142 4653 5213 5827 6496 7224 8014 8868 9788 10777 11836 12967 14170 15447 16796 18218 19710 21272 22900 24591 26341 28145 29998 31893 33822 35779 37755 39740 41726 43701 45655 47578 49458 51283 53044 54727 56324 57822 59211 60483 61628 62637 63505 64223 64788 65194 65439 65520 65439 65194 64788 64223 63505 62637 61628 60483 59211 57822 56324 54727 53044 51283 49458 47578 45655 43701 41726 39740 37755 35779 33822 31893 29998 28145 26341 24591 22900 21272 19710 18218 16796 15447 14170 12967 11836 10777 9788 8868 8014 7224 6496 5827 5213 4653 4142 3678 3258 2879 2538 2231 1957 1712 1494 1300 1129 978 845 728 626 537 459 392 334 283 240 203 171 144 121 101 84 70 58 48 40 33 27 22 18 15 12 10 8 7 6 5 4 3 4 5 6 7 8 10 12 15 18 22 27 33 40 48 58 70 84 101 121 144 171 203 240 283 334 392 459 537 626 728 845 978 1129 1300 1494 1712 1957 2231 2538 2879 3258 3678 4142 4653 5213 5827 6496 7224 8014 8868 9788 10777 11836 12967 14170 15447 16796 18218 19710 21272 22900 24591 26341 28145 29998 31893 33822 35779 37755 39740 41726 43701 45655 47578 49458 51283 53044 54727 56324 57822 59211 60483 61628 62637 63505 64223 64788 65194 65439 65520 65439 65194 64788 64223 63505 62637 61628 60483 59211 57822 56324 54727 53044 51283 49458 47578 45655 43701 41726 39740 37755 35779 33822 31893 29998 28145 26341 24591 22900 21272 19710 18218 16796 15447 14170 12967 11836 10777 9788 8868 8014 7224 6496 5827 5213 4653 4142 3678 3258 2879 2538 2231 1957 1712 1494 1300 1129 978 845 728 626 537 459 392 334 283 240 203 171 144 121 101 84 70 58 48 40 33 27 22 18 15 12 10 8 7 6 5 4 3 4 5 6 7 8 10 12 15 18 22 27 33 40 48 58 70 
1 1 1 1 1 1 1 1 1 1 1 1 1 1 1 1 1 1 1 1 1 1 1 1 1 1 1 1 1 1 1 1 1 1 1 1 1 1 1 1 1 1 1 1 1 1 1 1 1 1 1 1 1 1 1 1 1 1 1 1 1 1 1 1 1 1 1 1 1 1 1 1 1 1 1 1 1 1 1 1 1 1 1 1 1 1 1 1 1 1 1 1 1 1 1 1 1 1 1 1 1 1 1 1 1 1 1 1 1 1 1 1 1 1 1 1 1 1 1 1 1 1 1 1 1 1 1 1 1 1 1 1 1 1 1 1 1 1 1 1 1 1 1 1 1 1 1 1 1 1 1 1 1 1 1 1 1 1 1 1 1 1 1 1 1 1 1 1 1 1 1 1 1 1 1 1 1 1 1 1 1 1 1 1 1 1 1 1 1 1 1 1 1 1 1 1 1 1 1 1 1 1 1 1 1 1 1 1 1 1 1 1 1 1 1 1 1 1 1 1 1 1 1 1 1 1 1 1 1 1 1 1 1 1 1 1 1 1 1 1 1 1 1 1 1 1 1 1 1 1 1 1 1 1 1 1 1 1 1 1 1 1 1 1 1 1 1 1 1 1 1 1 1 1 1 1 1 1 1 1 1 1 1 1 1 1 1 1 1 1 1 1 1 1 1 1 1 1 1 1 1 1 1 1 1 1 1 1 1 1 1 1 1 1 1 1 1 1 1 1 1 1 1 1 1 1 1 1 1 1 1 1 1 1 1 1 1 1 1 1 1 1 1 1 1 1 1 1 1 1 1 1 1 1 1 1 1 1 1 1 1 1 1 1 1 1 1 1 1 1 1 1 1 1 1 1 1 1 1 1 1 1 1 1 1 1 1 1 1 1 1 1 1 1 1 1 1 1 1 1 
1.00 1.00 1.00 1.00 1.00 
2.00000 1.00000
459 537 626 728 845 978 1129 1300 1494 1712 1957 2231 2538 2879 3258 3678 4142 4653 5213 5827 6496 7224 8014 8868 9788 10777 11836 12967 14170 15447 16796 18218 19710 21272 22900 24591 26341 28145 29998 31893 33822 35779 37755 39740 41726 43701 45655 47578 49458 51283 53044 54727 56324 57822 59211 60483 61628 62637 63505 64223 64788 65194 65439 65520 65439 65194 64788 64223 63505 62637 61628 60483 59211 57822 56324 54727 53044 51283 49458 47578 45655 43701 41726 39740 37755 35779 33822 31893 29998 28145 26341 24591 22900 21272 19710 18218 16796 15447 14170 12967 11836 10777 9788 8868 8014 7224 6496 5827 5213 4653 4142 3678 3258 2879 2538 2231 1957 1712 1494 1300 1129 978 845 728 626 537 459 392 334 283 240 203 171 144 121 101 84 70 58 48 40 33 27 22 18 15 12 10 8 7 6 5 4 3 4 5 6 7 8 10 12 15 18 22 27 33 40 48 58 70 84 101 121 144 171 203 240 283 334 392 459 537 626 728 845 978 1129 1300 1494 1712 1957 2231 2538 2879 3258 3678 4142 4653 5213 5827 6496 7224 8014 8868 9788 10777 11836 12967 14170 15447 16796 18218 19710 21272 22900 24591 26341 28145 29998 31893 33822 35779 37755 39740 41726 43701 45655 47578 49458 51283 53044 54727 56324 57822 59211 60483 61628 62637 63505 64223 64788 65194 65439 65520 65439 65194 64788 64223 63505 62637 61628 60483 59211 57822 56324 54727 53044 51283 49458 47578 45655 43701 41726 39740 37755 35779 33822 31893 29998 28145 26341 24591 22900 21272 19710 18218 16796 15447 14170 12967 11836 10777 9788 8868 8014 7224 6496 5827 5213 4653 4142 3678 3258 2879 2538 2231 1957 1712 1494 1300 1129 978 845 728 626 537 459 392 334 283 240 203 171 144 121 101 84 70 58 48 40 33 27 22 18 15 12 10 8 7 6 5 4 3 4 5 6 7 8 10 12 15 18 22 27 33 40 48 58 70 84 101 121 144 171 203 240 283 334 392 
1 1 1 1 1 1 1 1 1 1 1 1 1 1 1 1 1 1 1 1 1 1 1 1 1 1 1 1 1 1 1 1 1 1 1 1 1 1 1 1 1 1 1 1 1 1 1 1 1 1 1 1 1 1 1 1 1 1 1 1 1 1 1 1 1 1 1 1 1 1 1 1 1 1 1 1 1 1 1 1 1 1 1 1 1 1 1 1 1 1 1 1 1 1 1 1 1 1 1 1 1 1 1 1 1 1 1 1 1 1 1 1 1 1 1 1 1 1 1 1 1 1 1 1 1 1 1 1 1 1 1 1 1 1 1 1 1 1 1 1 1 1 1 1 1 1 1 1 1 1 1 1 1 1 1 1 1 1 1 1 1 1 1 1 1 1 1 1 1 1 1 1 1 1 1 1 1 1 1 1 1 1 1 1 1 1 1 1 1 1 1 1 1 1 1 1 1 1 1 1 1 1 1 1 1 1 1 1 1 1 1 1 1 1 1 1 1 1 1 1 1 1 1 1 1 1 1 1 1 1 1 1 1 1 1 1 1 1 1 1 1 1 1 1 1 1 1 1 1 1 1 1 1 1 1 1 1 1 1 1 1 1 1 1 1 1 1 1 1 1 1 1 1 1 1 1 1 1 1 1 1 1 1 1 1 1 1 1 1 1 1 1 1 1 1 1 1 1 1 1 1 1 1 1 1 1 1 1 1 1 1 1 1 1 1 1 1 1 1 1 1 1 1 1 1 1 1 1 1 1 1 1 1 1 1 1 1 1 1 1 1 1 1 1 1 1 1 1 1 1 1 1 1 1 1 1 1 1 1 1 1 1 1 1 1 1 1 1 1 1 1 1 1 1 1 1 1 1 1 1 1 1 1 1 1 1 1 1 1 1 1 1 1 1 1 1 1 1 1 1 
1.00 1.00 1.00 1.00 1.00 
1.00000 1.00000
1957 2231 2538 2879 3258 3678 4142 4653 5213 5827 6496 7224 8014 8868 9788 10777 11836 12967 14170 15447 16796 18218 19710 21272 22900 24591 26341 28145 29998 31893 33822 35779 37755 39740 41726 43701 45655 47578 49458 51283 53044 54727 56324 57822 59211 60483 61628 62637 63505 64223 64788 65194 65439 65520 65439 65194 64788 64223 63505 62637 61628 60483 59211 57822 56324 54727 53044 51283 49458 47578 45655 43701 41726 39740 37755 35779 33822 31893 29998 28145 26341 24591 22900 21272 19710 18218 16796 15447 14170 12967 11836 10777 9788 8868 8014 7224 6496 5827 5213 4653 4142 3678 3258 2879 2538 2231 1957 1712 1494 1300 1129 978 845 728 626 537 459 392 334 283 240 203 171 144 121 101 84 70 58 48 40 33 27 22 18 15 12 10 8 7 6 5 4 3 4 5 6 7 8 10 12 15 18 22 27 33 40 48 58 70 84 101 121 144 171 203 240 283 334 392 459 537 626 728 845 978 1129 1300 1494 1712 1957 2231 2538 2879 3258 3678 4142 4653 5213 5827 6496 7224 8014 8868 9788 10777 11836 12967 14170 15447 16796 18218 19710 21272 22900 24591 26341 28145 29998 31893 33822 35779 37755 39740 41726 43701 45655 47578 49458 51283 53044 54727 56324 57822 59211 60483 61628 62637 63505 64223 64788 65194 65439 65520 65439 65194 64788 64223 63505 62637 61628 60483 59211 57822 56324 54727 53044 51283 49458 47578 45655 43701 41726 39740 37755 35779 33822 31893 29998 28145 26341 24591 22900 21272 19710 18218 16796 15447 14170 12967 11836 10777 9788 8868 8014 7224 6496 5827 5213 4653 4142 3678 3258 2879 2538 2231 1957 1712 1494 1300 1129 978 845 728 626 537 459 392 334 283 240 203 171 144 121 101 84 70 58 48 40 33 27 22 18 15 12 10 8 7 6 5 4 3 4 5 6 7 8 10 12 15 18 22 27 33 40 48 58 70 84 101 121 144 171 203 240 283 334 392 459 537 626 728 845 978 1129 1300 1494 1712 
1 1 1 1 1 1 1 1 1 1 1 1 1 1 1 1 1 1 1 1 1 1 1 1 1 1 1 1 1 1 1 1 1 1 1 1 1 1 1 1 1 1 1 1 1 1 1 1 1 1 1 1 1 1 1 1 1 1 1 1 1 1 1 1 1 1 1 1 1 1 1 1 1 1 1 1 1 1 1 1 1 1 1 1 1 1 1 1 1 1 1 1 1 1 1 1 1 1 1 1 1 1 1 1 1 1 1 1 1 1 1 1 1 1 1 1 1 1 1 1 1 1 1 1 1 1 1 1 1 1 1 1 1 1 1 1 1 1 1 1 1 1 1 1 1 1 1 1 1 1 1 1 1 1 1 1 1 1 1 1 1 1 1 1 1 1 1 1 1 1 1 1 1 1 1 1 1 1 1 1 1 1 1 1 1 1 1 1 1 1 1 1 1 1 1 1 1 1 1 1 1 1 1 1 1 1 1 1 1 1 1 1 1 1 1 1 1 1 1 1 1 1 1 1 1 1 1 1 1 1 1 1 1 1 1 1 1 1 1 1 1 1 1 1 1 1 1 1 1 1 1 1 1 1 1 1 1 1 1 1 1 1 1 1 1 1 1 1 1 1 1 1 1 1 1 1 1 1 1 1 1 1 1 1 1 1 1 1 1 1 1 1 1 1 1 1 1 1 1 1 1 1 1 1 1 1 1 1 1 1 1 1 1 1 1 1 1 1 1 1 1 1 1 1 1 1 1 1 1 1 1 1 1 1 1 1 1 1 1 1 1 1 1 1 1 1 1 1 1 1 1 1 1 1 1 1 1 1 1 1 1 1 1 1 1 1 1 1 1 1 1 1 1 1 1 1 1 1 1 1 1 1 1 1 1 1 1 1 1 1 1 1 1 1 1 1 1 1 1 1 
1.00 1.00 1.00 1.00 1.00 
0.00000 1.00000
6496 7224 8014 8868 9788 10777 11836 12967 14170 15447 16796 18218 19710 21272 22900 24591 26341 28145 29998 31893 33822 35779 37755 39740 41726 43701 45655 47578 49458 51283 53044 54727 56324 57822 59211 60483 61628 62637 63505 64223 64788 65194 65439 65520 65439 65194 64788 64223 63505 62637 61628 60483 59211 57822 56324 54727 53044 51283 49458 47578 45655 43701 41726 39740 37755 35779 33822 31893 29998 28145 26341 24591 22900 21272 19710 18218 16796 15447 14170 12967 11836 10777 9788 8868 8014 7224 6496 5827 5213 4653 4142 3678 3258 2879 2538 2231 1957 1712 1494 1300 1129 978 845 728 626 537 459 392 334 283 240 203 171 144 121 101 84 70 58 48 40 33 27 22 18 15 12 10 8 7 6 5 4 3 4 5 6 7 8 10 12 15 18 22 27 33 40 48 58 70 84 101 121 144 171 203 240 283 334 392 459 537 626 728 845 978 1129 1300 1494 1712 1957 2231 2538 2879 3258 3678 4142 4653 5213 5827 6496 7224 8014 8868 9788 10777 11836 12967 14170 15447 16796 18218 19710 21272 22900 24591 26341 28145 29998 31893 33822 35779 37755 39740 41726 43701 45655 47578 49458 51283 53044 54727 56324 57822 59211 60483 61628 62637 63505 64223 64788 65194 65439 65520 65439 65194 64788 64223 63505 62637 61628 60483 59211 57822 56324 54727 53044 51283 49458 47578 45655 43701 41726 39740 37755 35779 33822 31893 29998 28145 26341 24591 22900 21272 19710 18218 16796 15447 14170 12967 11836 10777 9788 8868 8014 7224 6496 5827 5213 4653 4142 3678 3258 2879 2538 2231 1957 1712 1494 1300 1129 978 845 728 626 537 459 392 334 283 240 203 171 144 121 101 84 70 58 48 40 33 27 22 18 15 12 10 8 7 6 5 4 3 4 5 6 7 8 10 12 15 18 22 27 33 40 48 58 70 84 101 121 144 171 203 240 283 334 392 459 537 626 728 845 978 1129 1300 1494 1712 1957 2231 2538 2879 3258 3678 4142 4653 5213 5827 
1 1 1 1 1 1 1 1 1 1 1 1 1 1 1 1 1 1 1 1 1 1 1 1 1 1 1 1 1 1 1 1 1 1 1 1 1 1 1 1 1 1 1 1 1 1 1 1 1 1 1 1 1 1 1 1 1 1 1 1 1 1 1 1 1 1 1 1 1 1 1 1 1 1 1 1 1 1 1 1 1 1 1 1 1 1 1 1 1 1 1 1 1 1 1 1 1 1 1 1 1 1 1 1 1 1 1 1 1 1 1 1 1 1 1 1 1 1 1 1 1 1 1 1 1 1 1 1 1 1 1 1 1 1 1 1 1 1 1 1 1 1 1 1 1 1 1 1 1 1 1 1 1 1 1 1 1 1 1 1 1 1 1 1 1 1 1 1 1 1 1 1 1 1 1 1 1 1 1 1 1 1 1 1 1 1 1 1 1 1 1 1 1 1 1 1 1 1 1 1 1 1 1 1 1 1 1 1 1 1 1 1 1 1 1 1 1 1 1 1 1 1 1 1 1 1 1 1 1 1 1 1 1 1 1 1 1 1 1 1 1 1 1 1 1 1 1 1 1 1 1 1 1 1 1 1 1 1 1 1 1 1 1 1 1 1 1 1 1 1 1 1 1 1 1 1 1 1 1 1 1 1 1 1 1 1 1 1 1 1 1 1 1 1 1 1 1 1 1 1 1 1 1 1 1 1 1 1 1 1 1 1 1 1 1 1 1 1 1 1 1 1 1 1 1 1 1 1 1 1 1 1 1 1 1 1 1 1 1 1 1 1 1 1 1 1 1 1 1 1 1 1 1 1 1 1 1 1 1 1 1 1 1 1 1 1 1 1 1 1 1 1 1 1 1 1 1 1 1 1 1 1 1 1 1 1 1 1 1 1 1 1 1 1 1 1 1 1 1 1 
1.00 1.00 1.00 1.00 1.00 
0.00000 2.00000
11836 12967 14170 15447 16796 18218 19710 21272 22900 24591 26341 28145 29998 31893 33822 35779 37755 39740 41726 43701 45655 47578 49458 51283 53044 54727 56324 57822 59211 60483 61628 62637 63505 64223 64788 65194 65439 65520 65439 65194 64788 64223 63505 62637 61628 60483 59211 57822 56324 54727 53044 51283 49458 47578 45655 43701 41726 39740 37755 35779 33822 31893 29998 28145 26341 24591 22900 21272 19710 18218 16796 15447 14170 12967 11836 10777 9788 8868 8014 7224 6496 5827 5213 4653 4142 3678 3258 2879 2538 2231 1957 1712 1494 1300 1129 978 845 728 626 537 459 392 334 283 240 203 171 144 121 101 84 70 58 48 40 33 27 22 18 15 12 10 8 7 6 5 4 3 4 5 6 7 8 10 12 15 18 22 27 33 40 48 58 70 84 101 121 144 171 203 240 283 334 392 459 537 626 728 845 978 1129 1300 1494 1712 1957 2231 2538 2879 3258 3678 4142 4653 5213 5827 6496 7224 8014 8868 9788 10777 11836 12967 14170 15447 16796 18218 19710 21272 22900 24591 26341 28145 29998 31893 33822 35779 37755 39740 41726 43701 45655 47578 49458 51283 53044 54727 56324 57822 59211 60483 61628 62637 63505 64223 64788 65194 65439 65520 65439 65194 64788 64223 63505 62637 61628 60483 59211 57822 56324 54727 53044 51283 49458 47578 45655 43701 41726 39740 37755 35779 33822 31893 29998 28145 26341 24591 22900 21272 19710 18218 16796 15447 14170 12967 11836 10777 9788 8868 8014 7224 6496 5827 5213 4653 4142 3678 3258 2879 2538 2231 1957 1712 1494 1300 1129 978 845 728 626 537 459 392 334 283 240 203 171 144 121 101 84 70 58 48 40 33 27 22 18 15 12 10 8 7 6 5 4 3 4 5 6 7 8 10 12 15 18 22 27 33 40 48 58 70 84 101 121 144 171 203 240 283 334 392 459 537 626 728 845 978 1129 1300 1494 1712 1957 2231 2538 2879 3258 3678 4142 4653 5213 5827 6496 7224 8014 8868 9788 10777 
1 1 1 1 1 1 1 1 1 1 1 1 1 1 1 1 1 1 1 1 1 1 1 1 1 1 1 1 1 1 1 1 1 1 1 1 1 1 1 1 1 1 1 1 1 1 1 1 1 1 1 1 1 1 1 1 1 1 1 1 1 1 1 1 1 1 1 1 1 1 1 1 1 1 1 1 1 1 1 1 1 1 1 1 1 1 1 1 1 1 1 1 1 1 1 1 1 1 1 1 1 1 1 1 1 1 1 1 1 1 1 1 1 1 1 1 1 1 1 1 1 1 1 1 1 1 1 1 1 1 1 1 1 1 1 1 1 1 1 1 1 1 1 1 1 1 1 1 1 1 1 1 1 1 1 1 1 1 1 1 1 1 1 1 1 1 1 1 1 1 1 1 1 1 1 1 1 1 1 1 1 1 1 1 1 1 1 1 1 1 1 1 1 1 1 1 1 1 1 1 1 1 1 1 1 1 1 1 1 1 1 1 1 1 1 1 1 1 1 1 1 1 1 1 1 1 1 1 1 1 1 1 1 1 1 1 1 1 1 1 1 1 1 1 1 1 1 1 1 1 1 1 1 1 1 1 1 1 1 1 1 1 1 1 1 1 1 1 1 1 1 1 1 1 1 1 1 1 1 1 1 1 1 1 1 1 1 1 1 1 1 1 1 1 1 1 1 1 1 1 1 1 1 1 1 1 1 1 1 1 1 1 1 1 1 1 1 1 1 1 1 1 1 1 1 1 1 1 1 1 1 1 1 1 1 1 1 1 1 1 1 1 1 1 1 1 1 1 1 1 1 1 1 1 1 1 1 1 1 1 1 1 1 1 1 1 1 1 1 1 1 1 1 1 1 1 1 1 1 1 1 1 1 1 1 1 1 1 1 1 1 1 1 1 1 1 1 1 1 1 
1.00 1.00 1.00 1.00 1.00 
1.00000 2.00000
4142 4653 5213 5827 6496 7224 8014 8868 9788 10777 11836 12967 14170 15447 16796 18218 19710 21272 22900 24591 26341 28145 29998 31893 33822 35779 37755 39740 41726 43701 45655 47578 49458 51283 53044 54727 56324 57822 59211 60483 61628 62637 63505 64223 64788 65194 65439 65520 65439 65194 64788 64223 63505 62637 61628 60483 59211 57822 56324 54727 53044 51283 49458 47578 45655 43701 41726 39740 37755 35779 33822 31893 29998 28145 26341 24591 22900 21272 19710 18218 16796 15447 14170 12967 11836 10777 9788 8868 8014 7224 6496 5827 5213 4653 4142 3678 3258 2879 2538 2231 1957 1712 1494 1300 1129 978 845 728 626 537 459 392 334 283 240 203 171 144 121 101 84 70 58 48 40 33 27 22 18 15 12 10 8 7 6 5 4 3 4 5 6 7 8 10 12 15 18 22 27 33 40 48 58 70 84 101 121 144 171 203 240 283 334 392 459 537 626 728 845 978 1129 1300 1494 1712 1957 2231 2538 2879 3258 3678 4142 4653 5213 5827 6496 7224 8014 8868 9788 10777 11836 12967 14170 15447 16796 18218 19710 21272 22900 24591 26341 28145 29998 31893 33822 35779 37755 39740 41726 43701 45655 47578 49458 51283 53044 54727 56324 57822 59211 60483 61628 62637 63505 64223 64788 65194 65439 65520 65439 65194 64788 64223 63505 62637 61628 60483 59211 57822 56324 54727 53044 51283 49458 47578 45655 43701 41726 39740 37755 35779 33822 31893 29998 28145 26341 24591 22900 21272 19710 18218 16796 15447 14170 12967 11836 10777 9788 8868 8014 7224 6496 5827 5213 4653 4142 3678 3258 2879 2538 2231 1957 1712 1494 1300 1129 978 845 728 626 537 459 392 334 283 240 203 171 144 121 101 84 70 58 48 40 33 27 22 18 15 12 10 8 7 6 5 4 3 4 5 6 7 8 10 12 15 18 22 27 33 40 48 58 70 84 101 121 144 171 203 240 283 334 392 459 537 626 728 845 978 1129 1300 1494 1712 1957 2231 2538 2879 3258 3678 
1 1 1 1 1 1 1 1 1 1 1 1 1 1 1 1 1 1 1 1 1 1 1 1 1 1 1 1 1 1 1 1 1 1 1 1 1 1 1 1 1 1 1 1 1 1 1 1 1 1 1 1 1 1 1 1 1 1 1 1 1 1 1 1 1 1 1 1 1 1 1 1 1 1 1 1 1 1 1 1 1 1 1 1 1 1 1 1 1 1 1 1 1 1 1 1 1 1 1 1 1 1 1 1 1 1 1 1 1 1 1 1 1 1 1 1 1 1 1 1 1 1 1 1 1 1 1 1 1 1 1 1 1 1 1 1 1 1 1 1 1 1 1 1 1 1 1 1 1 1 1 1 1 1 1 1 1 1 1 1 1 1 1 1 1 1 1 1 1 1 1 1 1 1 1 1 1 1 1 1 1 1 1 1 1 1 1 1 1 1 1 1 1 1 1 1 1 1 1 1 1 1 1 1 1 1 1 1 1 1 1 1 1 1 1 1 1 1 1 1 1 1 1 1 1 1 1 1 1 1 1 1 1 1 1 1 1 1 1 1 1 1 1 1 1 1 1 1 1 1 1 1 1 1 1 1 1 1 1 1 1 1 1 1 1 1 1 1 1 1 1 1 1 1 1 1 1 1 1 1 1 1 1 1 1 1 1 1 1 1 1 1 1 1 1 1 1 1 1 1 1 1 1 1 1 1 1 1 1 1 1 1 1 1 1 1 1 1 1 1 1 1 1 1 1 1 1 1 1 1 1 1 1 1 1 1 1 1 1 1 1 1 1 1 1 1 1 1 1 1 1 1 1 1 1 1 1 1 1 1 1 1 1 1 1 1 1 1 1 1 1 1 1 1 1 1 1 1 1 1 1 1 1 1 1 1 1 1 1 1 1 1 1 1 1 1 1 1 1 1 
1.00 1.00 1.00 1.00 1.00 
2.00000 2.00000
1129 1300 1494 1712 1957 2231 2538 2879 3258 3678 4142 4653 5213 5827 6496 7224 8014 8868 9788 10777 11836 12967 14170 15447 16796 18218 19710 21272 22900 24591 26341 28145 29998 31893 33822 35779 37755 39740 41726 43701 45655 47578 49458 51283 53044 54727 56324 57822 59211 60483 61628 62637 63505 64223 64788 65194 65439 65520 65439 65194 64788 64223 63505 62637 61628 60483 59211 57822 56324 54727 53044 51283 49458 47578 45655 43701 41726 39740 37755 35779 33822 31893 29998 28145 26341 24591 22900 21272 19710 18218 16796 15447 14170 12967 11836 10777 9788 8868 8014 7224 6496 5827 5213 4653 4142 3678 3258 2879 2538 2231 1957 1712 1494 1300 1129 978 845 728 626 537 459 392 334 283 240 203 171 144 121 101 84 70 58 48 40 33 27 22 18 15 12 10 8 7 6 5 4 3 4 5 6 7 8 10 12 15 18 22 27 33 40 48 58 70 84 101 121 144 171 203 240 283 334 392 459 537 626 728 845 978 1129 1300 1494 1712 1957 2231 2538 2879 3258 3678 4142 4653 5213 5827 6496 7224 8014 8868 9788 10777 11836 12967 14170 15447 16796 18218 19710 21272 22900 24591 26341 28145 29998 31893 33822 35779 37755 39740 41726 43701 45655 47578 49458 51283 53044 54727 56324 57822 59211 60483 61628 62637 63505 64223 64788 65194 65439 65520 65439 65194 64788 64223 63505 62637 61628 60483 59211 57822 56324 54727 53044 51283 49458 47578 45655 43701 41726 39740 37755 35779 33822 31893 29998 28145 26341 24591 22900 21272 19710 18218 16796 15447 14170 12967 11836 10777 9788 8868 8014 7224 6496 5827 5213 4653 4142 3678 3258 2879 2538 2231 1957 1712 1494 1300 1129 978 845 728 626 537 459 392 334 283 240 203 171 144 121 101 84 70 58 48 40 33 27 22 18 15 12 10 8 7 6 5 4 3 4 5 6 7 8 10 12 15 18 22 27 33 40 48 58 70 84 101 121 144 171 203 240 283 334 392 459 537 626 728 845 978 
1 1 1 1 1 1 1 1 1 1 1 1 1 1 1 1 1 1 1 1 1 1 1 1 1 1 1 1 1 1 1 1 1 1 1 1 1 1 1 1 1 1 1 1 1 1 1 1 1 1 1 1 1 1 1 1 1 1 1 1 1 1 1 1 1 1 1 1 1 1 1 1 1 1 1 1 1 1 1 1 1 1 1 1 1 1 1 1 1 1 1 1 1 1 1 1 1 1 1 1 1 1 1 1 1 1 1 1 1 1 1 1 1 1 1 1 1 1 1 1 1 1 1 1 1 1 1 1 1 1 1 1 1 1 1 1 1 1 1 1 1 1 1 1 1 1 1 1 1 1 1 1 1 1 1 1 1 1 1 1 1 1 1 1 1 1 1 1 1 1 1 1 1 1 1 1 1 1 1 1 1 1 1 1 1 1 1 1 1 1 1 1 1 1 1 1 1 1 1 1 1 1 1 1 1 1 1 1 1 1 1 1 1 1 1 1 1 1 1 1 1 1 1 1 1 1 1 1 1 1 1 1 1 1 1 1 1 1 1 1 1 1 1 1 1 1 1 1 1 1 1 1 1 1 1 1 1 1 1 1 1 1 1 1 1 1 1 1 1 1 1 1 1 1 1 1 1 1 1 1 1 1 1 1 1 1 1 1 1 1 1 1 1 1 1 1 1 1 1 1 1 1 1 1 1 1 1 1 1 1 1 1 1 1 1 1 1 1 1 1 1 1 1 1 1 1 1 1 1 1 1 1 1 1 1 1 1 1 1 1 1 1 1 1 1 1 1 1 1 1 1 1 1 1 1 1 1 1 1 1 1 1 1 1 1 1 1 1 1 1 1 1 1 1 1 1 1 1 1 1 1 1 1 1 1 1 1 1 1 1 1 1 1 1 1 1 1 1 1 1 
1.00 1.00 1.00 1.00 1.00 
3.00000 2.00000
240 283 334 392 459 537 626 728 845 978 1129 1300 1494 1712 1957 2231 2538 2879 3258 3678 4142 4653 5213 5827 6496 7224 8014 8868 9788 10777 11836 12967 14170 15447 16796 18218 19710 21272 22900 24591 26341 28145 29998 31893 33822 35779 37755 39740 41726 43701 45655 47578 49458 51283 53044 54727 56324 57822 59211 60483 61628 62637 63505 64223 64788 65194 65439 65520 65439 65194 64788 64223 63505 62637 61628 60483 59211 57822 56324 54727 53044 51283 49458 47578 45655 43701 41726 39740 37755 35779 33822 31893 29998 28145 26341 24591 22900 21272 19710 18218 16796 15447 14170 12967 11836 10777 9788 8868 8014 7224 6496 5827 5213 4653 4142 3678 3258 2879 2538 2231 1957 1712 1494 1300 1129 978 845 728 626 537 459 392 334 283 240 203 171 144 121 101 84 70 58 48 40 33 27 22 18 15 12 10 8 7 6 5 4 3 4 5 6 7 8 10 12 15 18 22 27 33 40 48 58 70 84 101 121 144 171 203 240 283 334 392 459 537 626 728 845 978 1129 1300 1494 1712 1957 2231 2538 2879 3258 3678 4142 4653 5213 5827 6496 7224 8014 8868 9788 10777 11836 12967 14170 15447 16796 18218 19710 21272 22900 24591 26341 28145 29998 31893 33822 35779 37755 39740 41726 43701 45655 47578 49458 51283 53044 54727 56324 57822 59211 60483 61628 62637 63505 64223 64788 65194 65439 65520 65439 65194 64788 64223 63505 62637 61628 60483 59211 57822 56324 54727 53044 51283 49458 47578 45655 43701 41726 39740 37755 35779 33822 31893 29998 28145 26341 24591 22900 21272 19710 18218 16796 15447 14170 12967 11836 10777 9788 8868 8014 7224 6496 5827 5213 4653 4142 3678 3258 2879 2538 2231 1957 1712 1494 1300 1129 978 845 728 626 537 459 392 334 283 240 203 171 144 121 101 84 70 58 48 40 33 27 22 18 15 12 10 8 7 6 5 4 3 4 5 6 7 8 10 12 15 18 22 27 33 40 48 58 70 84 101 121 144 171 203 
1 1 1 1 1 1 1 1 1 1 1 1 1 1 1 1 1 1 1 1 1 1 1 1 1 1 1 1 1 1 1 1 1 1 1 1 1 1 1 1 1 1 1 1 1 1 1 1 1 1 1 1 1 1 1 1 1 1 1 1 1 1 1 1 1 1 1 1 1 1 1 1 1 1 1 1 1 1 1 1 1 1 1 1 1 1 1 1 1 1 1 1 1 1 1 1 1 1 1 1 1 1 1 1 1 1 1 1 1 1 1 1 1 1 1 1 1 1 1 1 1 1 1 1 1 1 1 1 1 1 1 1 1 1 1 1 1 1 1 1 1 1 1 1 1 1 1 1 1 1 1 1 1 1 1 1 1 1 1 1 1 1 1 1 1 1 1 1 1 1 1 1 1 1 1 1 1 1 1 1 1 1 1 1 1 1 1 1 1 1 1 1 1 1 1 1 1 1 1 1 1 1 1 1 1 1 1 1 1 1 1 1 1 1 1 1 1 1 1 1 1 1 1 1 1 1 1 1 1 1 1 1 1 1 1 1 1 1 1 1 1 1 1 1 1 1 1 1 1 1 1 1 1 1 1 1 1 1 1 1 1 1 1 1 1 1 1 1 1 1 1 1 1 1 1 1 1 1 1 1 1 1 1 1 1 1 1 1 1 1 1 1 1 1 1 1 1 1 1 1 1 1 1 1 1 1 1 1 1 1 1 1 1 1 1 1 1 1 1 1 1 1 1 1 1 1 1 1 1 1 1 1 1 1 1 1 1 1 1 1 1 1 1 1 1 1 1 1 1 1 1 1 1 1 1 1 1 1 1 1 1 1 1 1 1 1 1 1 1 1 1 1 1 1 1 1 1 1 1 1 1 1 1 1 1 1 1 1 1 1 1 1 1 1 1 1 1 1 1 1 
1.00 1.00 1.00 1.00 1.00 
4.00000 2.00000
40 48 58 70 84 101 121 144 171 203 240 283 334 392 459 537 626 728 845 978 1129 1300 1494 1712 1957 2231 2538 2879 3258 3678 4142 4653 5213 5827 6496 7224 8014 8868 9788 10777 11836 12967 14170 15447 16796 18218 19710 21272 22900 24591 26341 28145 29998 31893 33822 35779 37755 39740 41726 43701 45655 47578 49458 51283 53044 54727 56324 57822 59211 60483 61628 62637 63505 64223 64788 65194 65439 65520 65439 65194 64788 64223 63505 62637 61628 60483 59211 57822 56324 54727 53044 51283 49458 47578 45655 43701 41726 39740 37755 35779 33822 31893 29998 28145 26341 24591 22900 21272 19710 18218 16796 15447 14170 12967 11836 10777 9788 8868 8014 7224 6496 5827 5213 4653 4142 3678 3258 2879 2538 2231 1957 1712 1494 1300 1129 978 845 728 626 537 459 392 334 283 240 203 171 144 121 101 84 70 58 48 40 33 27 22 18 15 12 10 8 7 6 5 4 3 4 5 6 7 8 10 12 15 18 22 27 33 40 48 58 70 84 101 121 144 171 203 240 283 334 392 459 537 626 728 845 978 1129 1300 1494 1712 1957 2231 2538 2879 3258 3678 4142 4653 5213 5827 6496 7224 8014 8868 9788 10777 11836 12967 14170 15447 16796 18218 19710 21272 22900 24591 26341 28145 29998 31893 33822 35779 37755 39740 41726 43701 45655 47578 49458 51283 53044 54727 56324 57822 59211 60483 61628 62637 63505 64223 64788 65194 65439 65520 65439 65194 64788 64223 63505 62637 61628 60483 59211 57822 56324 54727 53044 51283 49458 47578 45655 43701 41726 39740 37755 35779 33822 31893 29998 28145 26341 24591 22900 21272 19710 18218 16796 15447 14170 12967 11836 10777 9788 8868 8014 7224 6496 5827 5213 4653 4142 3678 3258 2879 2538 2231 1957 1712 1494 1300 1129 978 845 728 626 537 459 392 334 283 240 203 171 144 121 101 84 70 58 48 40 33 27 22 18 15 12 10 8 7 6 5 4 3 4 5 6 7 8 10 12 15 18 22 27 33 
1 1 1 1 1 1 1 1 1 1 1 1 1 1 1 1 1 1 1 1 1 1 1 1 1 1 1 1 1 1 1 1 1 1 1 1 1 1 1 1 1 1 1 1 1 1 1 1 1 1 1 1 1 1 1 1 1 1 1 1 1 1 1 1 1 1 1 1 1 1 1 1 1 1 1 1 1 1 1 1 1 1 1 1 1 1 1 1 1 1 1 1 1 1 1 1 1 1 1 1 1 1 1 1 1 1 1 1 1 1 1 1 1 1 1 1 1 1 1 1 1 1 1 1 1 1 1 1 1 1 1 1 1 1 1 1 1 1 1 1 1 1 1 1 1 1 1 1 1 1 1 1 1 1 1 1 1 1 1 1 1 1 1 1 1 1 1 1 1 1 1 1 1 1 1 1 1 1 1 1 1 1 1 1 1 1 1 1 1 1 1 1 1 1 1 1 1 1 1 1 1 1 1 1 1 1 1 1 1 1 1 1 1 1 1 1 1 1 1 1 1 1 1 1 1 1 1 1 1 1 1 1 1 1 1 1 1 1 1 1 1 1 1 1 1 1 1 1 1 1 1 1 1 1 1 1 1 1 1 1 1 1 1 1 1 1 1 1 1 1 1 1 1 1 1 1 1 1 1 1 1 1 1 1 1 1 1 1 1 1 1 1 1 1 1 1 1 1 1 1 1 1 1 1 1 1 1 1 1 1 1 1 1 1 1 1 1 1 1 1 1 1 1 1 1 1 1 1 1 1 1 1 1 1 1 1 1 1 1 1 1 1 1 1 1 1 1 1 1 1 1 1 1 1 1 1 1 1 1 1 1 1 1 1 1 1 1 1 1 1 1 1 1 1 1 1 1 1 1 1 1 1 1 1 1 1 1 1 1 1 1 1 1 1 1 1 1 1 1 1 
1.00 1.00 1.00 1.00 1.00 
4.00000 3.00000
121 144 171 203 240 283 334 392 459 537 626 728 845 978 1129 1300 1494 1712 1957 2231 2538 2879 3258 3678 4142 4653 5213 5827 6496 7224 8014 8868 9788 10777 11836 12967 14170 15447 16796 18218 19710 21272 22900 24591 26341 28145 29998 31893 33822 35779 37755 39740 41726 43701 45655 47578 49458 51283 53044 54727 56324 57822 59211 60483 61628 62637 63505 64223 64788 65194 65439 65520 65439 65194 64788 64223 63505 62637 61628 60483 59211 57822 56324 54727 53044 51283 49458 47578 45655 43701 41726 39740 37755 35779 33822 31893 29998 28145 26341 24591 22900 21272 19710 18218 16796 15447 14170 12967 11836 10777 9788 8868 8014 7224 6496 5827 5213 4653 4142 3678 3258 2879 2538 2231 1957 1712 1494 1300 1129 978 845 728 626 537 459 392 334 283 240 203 171 144 121 101 84 70 58 48 40 33 27 22 18 15 12 10 8 7 6 5 4 3 4 5 6 7 8 10 12 15 18 22 27 33 40 48 58 70 84 101 121 144 171 203 240 283 334 392 459 537 626 728 845 978 1129 1300 1494 1712 1957 2231 2538 2879 3258 3678 4142 4653 5213 5827 6496 7224 8014 8868 9788 10777 11836 12967 14170 15447 16796 18218 19710 21272 22900 24591 26341 28145 29998 31893 33822 35779 37755 39740 41726 43701 45655 47578 49458 51283 53044 54727 56324 57822 59211 60483 61628 62637 63505 64223 64788 65194 65439 65520 65439 65194 64788 64223 63505 62637 61628 60483 59211 57822 56324 54727 53044 51283 49458 47578 45655 43701 41726 39740 37755 35779 33822 31893 29998 28145 26341 24591 22900 21272 19710 18218 16796 15447 14170 12967 11836 10777 9788 8868 8014 7224 6496 5827 5213 4653 4142 3678 3258 2879 2538 2231 1957 1712 1494 1300 1129 978 845 728 626 537 459 392 334 283 240 203 171 144 121 101 84 70 58 48 40 33 27 22 18 15 12 10 8 7 6 5 4 3 4 5 6 7 8 10 12 15 18 22 27 33 40 48 58 70 84 101 
1 1 1 1 1 1 1 1 1 1 1 1 1 1 1 1 1 1 1 1 1 1 1 1 1 1 1 1 1 1 1 1 1 1 1 1 1 1 1 1 1 1 1 1 1 1 1 1 1 1 1 1 1 1 1 1 1 1 1 1 1 1 1 1 1 1 1 1 1 1 1 1 1 1 1 1 1 1 1 1 1 1 1 1 1 1 1 1 1 1 1 1 1 1 1 1 1 1 1 1 1 1 1 1 1 1 1 1 1 1 1 1 1 1 1 1 1 1 1 1 1 1 1 1 1 1 1 1 1 1 1 1 1 1 1 1 1 1 1 1 1 1 1 1 1 1 1 1 1 1 1 1 1 1 1 1 1 1 1 1 1 1 1 1 1 1 1 1 1 1 1 1 1 1 1 1 1 1 1 1 1 1 1 1 1 1 1 1 1 1 1 1 1 1 1 1 1 1 1 1 1 1 1 1 1 1 1 1 1 1 1 1 1 1 1 1 1 1 1 1 1 1 1 1 1 1 1 1 1 1 1 1 1 1 1 1 1 1 1 1 1 1 1 1 1 1 1 1 1 1 1 1 1 1 1 1 1 1 1 1 1 1 1 1 1 1 1 1 1 1 1 1 1 1 1 1 1 1 1 1 1 1 1 1 1 1 1 1 1 1 1 1 1 1 1 1 1 1 1 1 1 1 1 1 1 1 1 1 1 1 1 1 1 1 1 1 1 1 1 1 1 1 1 1 1 1 1 1 1 1 1 1 1 1 1 1 1 1 1 1 1 1 1 1 1 1 1 1 1 1 1 1 1 1 1 1 1 1 1 1 1 1 1 1 1 1 1 1 1 1 1 1 1 1 1 1 1 1 1 1 1 1 1 1 1 1 1 1 1 1 1 1 1 1 1 1 1 1 1 1 
1.00 1.00 1.00 1.00 1.00 
3.00000 3.00000
626 728 845 978 1129 1300 1494 1712 1957 2231 2538 2879 3258 3678 4142 4653 5213 5827 6496 7224 8014 8868 9788 10777 11836 12967 14170 15447 16796 18218 19710 21272 22900 24591 26341 28145 29998 31893 33822 35779 37755 39740 41726 43701 45655 47578 49458 51283 53044 54727 56324 57822 59211 60483 61628 62637 63505 64223 64788 65194 65439 65520 65439 65194 64788 64223 63505 62637 61628 60483 59211 57822 56324 54727 53044 51283 49458 47578 45655 43701 41726 39740 37755 35779 33822 31893 29998 28145 26341 24591 22900 21272 19710 18218 16796 15447 14170 12967 11836 10777 9788 8868 8014 7224 6496 5827 5213 4653 4142 3678 3258 2879 2538 2231 1957 1712 1494 1300 1129 978 845 728 626 537 459 392 334 283 240 203 171 144 121 101 84 70 58 48 40 33 27 22 18 15 12 10 8 7 6 5 4 3 4 5 6 7 8 10 12 15 18 22 27 33 40 48 58 70 84 101 121 144 171 203 240 283 334 392 459 537 626 728 845 978 1129 1300 1494 1712 1957 2231 2538 2879 3258 3678 4142 4653 5213 5827 6496 7224 8014 8868 9788 10777 11836 12967 14170 15447 16796 18218 19710 21272 22900 24591 26341 28145 29998 31893 33822 35779 37755 39740 41726 43701 45655 47578 49458 51283 53044 54727 56324 57822 59211 60483 61628 62637 63505 64223 64788 65194 65439 65520 65439 65194 64788 64223 63505 62637 61628 60483 59211 57822 56324 54727 53044 51283 49458 47578 45655 43701 41726 39740 37755 35779 33822 31893 29998 28145 26341 24591 22900 21272 19710 18218 16796 15447 14170 12967 11836 10777 9788 8868 8014 7224 6496 5827 5213 4653 4142 3678 3258 2879 2538 2231 1957 1712 1494 1300 1129 978 845 728 626 537 459 392 334 283 240 203 171 144 121 101 84 70 58 48 40 33 27 22 18 15 12 10 8 7 6 5 4 3 4 5 6 7 8 10 12 15 18 22 27 33 40 48 58 70 84 101 121 144 171 203 240 283 334 392 459 537 
1 1 1 1 1 1 1 1 1 1 1 1 1 1 1 1 1 1 1 1 1 1 1 1 1 1 1 1 1 1 1 1 1 1 1 1 1 1 1 1 1 1 1 1 1 1 1 1 1 1 1 1 1 1 1 1 1 1 1 1 1 1 1 1 1 1 1 1 1 1 1 1 1 1 1 1 1 1 1 1 1 1 1 1 1 1 1 1 1 1 1 1 1 1 1 1 1 1 1 1 1 1 1 1 1 1 1 1 1 1 1 1 1 1 1 1 1 1 1 1 1 1 1 1 1 1 1 1 1 1 1 1 1 1 1 1 1 1 1 1 1 1 1 1 1 1 1 1 1 1 1 1 1 1 1 1 1 1 1 1 1 1 1 1 1 1 1 1 1 1 1 1 1 1 1 1 1 1 1 1 1 1 1 1 1 1 1 1 1 1 1 1 1 1 1 1 1 1 1 1 1 1 1 1 1 1 1 1 1 1 1 1 1 1 1 1 1 1 1 1 1 1 1 1 1 1 1 1 1 1 1 1 1 1 1 1 1 1 1 1 1 1 1 1 1 1 1 1 1 1 1 1 1 1 1 1 1 1 1 1 1 1 1 1 1 1 1 1 1 1 1 1 1 1 1 1 1 1 1 1 1 1 1 1 1 1 1 1 1 1 1 1 1 1 1 1 1 1 1 1 1 1 1 1 1 1 1 1 1 1 1 1 1 1 1 1 1 1 1 1 1 1 1 1 1 1 1 1 1 1 1 1 1 1 1 1 1 1 1 1 1 1 1 1 1 1 1 1 1 1 1 1 1 1 1 1 1 1 1 1 1 1 1 1 1 1 1 1 1 1 1 1 1 1 1 1 1 1 1 1 1 1 1 1 1 1 1 1 1 1 1 1 1 1 1 1 1 1 1 1 
1.00 1.00 1.00 1.00 1.00 
2.00000 3.00000
2538 2879 3258 3678 4142 4653 5213 5827 6496 7224 8014 8868 9788 10777 11836 12967 14170 15447 16796 18218 19710 21272 22900 24591 26341 28145 29998 31893 33822 35779 37755 39740 41726 43701 45655 47578 49458 51283 53044 54727 56324 57822 59211 60483 61628 62637 63505 64223 64788 65194 65439 65520 65439 65194 64788 64223 63505 62637 61628 60483 59211 57822 56324 54727 53044 51283 49458 47578 45655 43701 41726 39740 37755 35779 33822 31893 29998 28145 26341 24591 22900 21272 19710 18218 16796 15447 14170 12967 11836 10777 9788 8868 8014 7224 6496 5827 5213 4653 4142 3678 3258 2879 2538 2231 1957 1712 1494 1300 1129 978 845 728 626 537 459 392 334 283 240 203 171 144 121 101 84 70 58 48 40 33 27 22 18 15 12 10 8 7 6 5 4 3 4 5 6 7 8 10 12 15 18 22 27 33 40 48 58 70 84 101 121 144 171 203 240 283 334 392 459 537 626 728 845 978 1129 1300 1494 1712 1957 2231 2538 2879 3258 3678 4142 4653 5213 5827 6496 7224 8014 8868 9788 10777 11836 12967 14170 15447 16796 18218 19710 21272 22900 24591 26341 28145 29998 31893 33822 35779 37755 39740 41726 43701 45655 47578 49458 51283 53044 54727 56324 57822 59211 60483 61628 62637 63505 64223 64788 65194 65439 65520 65439 65194 64788 64223 63505 62637 61628 60483 59211 57822 56324 54727 53044 51283 49458 47578 45655 43701 41726 39740 37755 35779 33822 31893 29998 28145 26341 24591 22900 21272 19710 18218 16796 15447 14170 12967 11836 10777 9788 8868 8014 7224 6496 5827 5213 4653 4142 3678 3258 2879 2538 2231 1957 1712 1494 1300 1129 978 845 728 626 537 459 392 334 283 240 203 171 144 121 101 84 70 58 48 40 33 27 22 18 15 12 10 8 7 6 5 4 3 4 5 6 7 8 10 12 15 18 22 27 33 40 48 58 70 84 101 121 144 171 203 240 283 334 392 459 537 626 728 845 978 1129 1300 1494 1712 1957 2231 
1 1 1 1 1 1 1 1 1 1 1 1 1 1 1 1 1 1 1 1 1 1 1 1 1 1 1 1 1 1 1 1 1 1 1 1 1 1 1 1 1 1 1 1 1 1 1 1 1 1 1 1 1 1 1 1 1 1 1 1 1 1 1 1 1 1 1 1 1 1 1 1 1 1 1 1 1 1 1 1 1 1 1 1 1 1 1 1 1 1 1 1 1 1 1 1 1 1 1 1 1 1 1 1 1 1 1 1 1 1 1 1 1 1 1 1 1 1 1 1 1 1 1 1 1 1 1 1 1 1 1 1 1 1 1 1 1 1 1 1 1 1 1 1 1 1 1 1 1 1 1 1 1 1 1 1 1 1 1 1 1 1 1 1 1 1 1 1 1 1 1 1 1 1 1 1 1 1 1 1 1 1 1 1 1 1 1 1 1 1 1 1 1 1 1 1 1 1 1 1 1 1 1 1 1 1 1 1 1 1 1 1 1 1 1 1 1 1 1 1 1 1 1 1 1 1 1 1 1 1 1 1 1 1 1 1 1 1 1 1 1 1 1 1 1 1 1 1 1 1 1 1 1 1 1 1 1 1 1 1 1 1 1 1 1 1 1 1 1 1 1 1 1 1 1 1 1 1 1 1 1 1 1 1 1 1 1 1 1 1 1 1 1 1 1 1 1 1 1 1 1 1 1 1 1 1 1 1 1 1 1 1 1 1 1 1 1 1 1 1 1 1 1 1 1 1 1 1 1 1 1 1 1 1 1 1 1 1 1 1 1 1 1 1 1 1 1 1 1 1 1 1 1 1 1 1 1 1 1 1 1 1 1 1 1 1 1 1 1 1 1 1 1 1 1 1 1 1 1 1 1 1 1 1 1 1 1 1 1 1 1 1 1 1 1 1 1 1 1 1 
1.00 1.00 1.00 1.00 1.00 
1.00000 3.00000
8014 8868 9788 10777 11836 12967 14170 15447 16796 18218 19710 21272 22900 24591 26341 28145 29998 31893 33822 35779 37755 39740 41726 43701 45655 47578 49458 51283 53044 54727 56324 57822 59211 60483 61628 62637 63505 64223 64788 65194 65439 65520 65439 65194 64788 64223 63505 62637 61628 60483 59211 57822 56324 54727 53044 51283 49458 47578 45655 43701 41726 39740 37755 35779 33822 31893 29998 28145 26341 24591 22900 21272 19710 18218 16796 15447 14170 12967 11836 10777 9788 8868 8014 7224 6496 5827 5213 4653 4142 3678 3258 2879 2538 2231 1957 1712 1494 1300 1129 978 845 728 626 537 459 392 334 283 240 203 171 144 121 101 84 70 58 48 40 33 27 22 18 15 12 10 8 7 6 5 4 3 4 5 6 7 8 10 12 15 18 22 27 33 40 48 58 70 84 101 121 144 171 203 240 283 334 392 459 537 626 728 845 978 1129 1300 1494 1712 1957 2231 2538 2879 3258 3678 4142 4653 5213 5827 6496 7224 8014 8868 9788 10777 11836 12967 14170 15447 16796 18218 19710 21272 22900 24591 26341 28145 29998 31893 33822 35779 37755 39740 41726 43701 45655 47578 49458 51283 53044 54727 56324 57822 59211 60483 61628 62637 63505 64223 64788 65194 65439 65520 65439 65194 64788 64223 63505 62637 61628 60483 59211 57822 56324 54727 53044 51283 49458 47578 45655 43701 41726 39740 37755 35779 33822 31893 29998 28145 26341 24591 22900 21272 19710 18218 16796 15447 14170 12967 11836 10777 9788 8868 8014 7224 6496 5827 5213 4653 4142 3678 3258 2879 2538 2231 1957 1712 1494 1300 1129 978 845 728 626 537 459 392 334 283 240 203 171 144 121 101 84 70 58 48 40 33 27 22 18 15 12 10 8 7 6 5 4 3 4 5 6 7 8 10 12 15 18 22 27 33 40 48 58 70 84 101 121 144 171 203 240 283 334 392 459 537 626 728 845 978 1129 1300 1494 1712 1957 2231 2538 2879 3258 3678 4142 4653 5213 5827 6496 7224 
1 1 1 1 1 1 1 1 1 1 1 1 1 1 1 1 1 1 1 1 1 1 1 1 1 1 1 1 1 1 1 1 1 1 1 1 1 1 1 1 1 1 1 1 1 1 1 1 1 1 1 1 1 1 1 1 1 1 1 1 1 1 1 1 1 1 1 1 1 1 1 1 1 1 1 1 1 1 1 1 1 1 1 1 1 1 1 1 1 1 1 1 1 1 1 1 1 1 1 1 1 1 1 1 1 1 1 1 1 1 1 1 1 1 1 1 1 1 1 1 1 1 1 1 1 1 1 1 1 1 1 1 1 1 1 1 1 1 1 1 1 1 1 1 1 1 1 1 1 1 1 1 1 1 1 1 1 1 1 1 1 1 1 1 1 1 1 1 1 1 1 1 1 1 1 1 1 1 1 1 1 1 1 1 1 1 1 1 1 1 1 1 1 1 1 1 1 1 1 1 1 1 1 1 1 1 1 1 1 1 1 1 1 1 1 1 1 1 1 1 1 1 1 1 1 1 1 1 1 1 1 1 1 1 1 1 1 1 1 1 1 1 1 1 1 1 1 1 1 1 1 1 1 1 1 1 1 1 1 1 1 1 1 1 1 1 1 1 1 1 1 1 1 1 1 1 1 1 1 1 1 1 1 1 1 1 1 1 1 1 1 1 1 1 1 1 1 1 1 1 1 1 1 1 1 1 1 1 1 1 1 1 1 1 1 1 1 1 1 1 1 1 1 1 1 1 1 1 1 1 1 1 1 1 1 1 1 1 1 1 1 1 1 1 1 1 1 1 1 1 1 1 1 1 1 1 1 1 1 1 1 1 1 1 1 1 1 1 1 1 1 1 1 1 1 1 1 1 1 1 1 1 1 1 1 1 1 1 1 1 1 1 1 1 1 1 1 1 1 1 
1.00 1.00 1.00 1.00 1.00 
0.00000 3.00000
19710 21272 22900 24591 26341 28145 29998 31893 33822 35779 37755 39740 41726 43701 45655 47578 49458 51283 53044 54727 56324 57822 59211 60483 61628 62637 63505 64223 64788 65194 65439 65520 65439 65194 64788 64223 63505 62637 61628 60483 59211 57822 56324 54727 53044 51283 49458 47578 45655 43701 41726 39740 37755 35779 33822 31893 29998 28145 26341 24591 22900 21272 19710 18218 16796 15447 14170 12967 11836 10777 9788 8868 8014 7224 6496 5827 5213 4653 4142 3678 3258 2879 2538 2231 1957 1712 1494 1300 1129 978 845 728 626 537 459 392 334 283 240 203 171 144 121 101 84 70 58 48 40 33 27 22 18 15 12 10 8 7 6 5 4 3 4 5 6 7 8 10 12 15 18 22 27 33 40 48 58 70 84 101 121 144 171 203 240 283 334 392 459 537 626 728 845 978 1129 1300 1494 1712 1957 2231 2538 2879 3258 3678 4142 4653 5213 5827 6496 7224 8014 8868 9788 10777 11836 12967 14170 15447 16796 18218 19710 21272 22900 24591 26341 28145 29998 31893 33822 35779 37755 39740 41726 43701 45655 47578 49458 51283 53044 54727 56324 57822 59211 60483 61628 62637 63505 64223 64788 65194 65439 65520 65439 65194 64788 64223 63505 62637 61628 60483 59211 57822 56324 54727 53044 51283 49458 47578 45655 43701 41726 39740 37755 35779 33822 31893 29998 28145 26341 24591 22900 21272 19710 18218 16796 15447 14170 12967 11836 10777 9788 8868 8014 7224 6496 5827 5213 4653 4142 3678 3258 2879 2538 2231 1957 1712 1494 1300 1129 978 845 728 626 537 459 392 334 283 240 203 171 144 121 101 84 70 58 48 40 33 27 22 18 15 12 10 8 7 6 5 4 3 4 5 6 7 8 10 12 15 18 22 27 33 40 48 58 70 84 101 121 144 171 203 240 283 334 392 459 537 626 728 845 978 1129 1300 1494 1712 1957 2231 2538 2879 3258 3678 4142 4653 5213 5827 6496 7224 8014 8868 9788 10777 11836 12967 14170 15447 16796 18218 
1 1 1 1 1 1 1 1 1 1 1 1 1 1 1 1 1 1 1 1 1 1 1 1 1 1 1 1 1 1 1 1 1 1 1 1 1 1 1 1 1 1 1 1 1 1 1 1 1 1 1 1 1 1 1 1 1 1 1 1 1 1 1 1 1 1 1 1 1 1 1 1 1 1 1 1 1 1 1 1 1 1 1 1 1 1 1 1 1 1 1 1 1 1 1 1 1 1 1 1 1 1 1 1 1 1 1 1 1 1 1 1 1 1 1 1 1 1 1 1 1 1 1 1 1 1 1 1 1 1 1 1 1 1 1 1 1 1 1 1 1 1 1 1 1 1 1 1 1 1 1 1 1 1 1 1 1 1 1 1 1 1 1 1 1 1 1 1 1 1 1 1 1 1 1 1 1 1 1 1 1 1 1 1 1 1 1 1 1 1 1 1 1 1 1 1 1 1 1 1 1 1 1 1 1 1 1 1 1 1 1 1 1 1 1 1 1 1 1 1 1 1 1 1 1 1 1 1 1 1 1 1 1 1 1 1 1 1 1 1 1 1 1 1 1 1 1 1 1 1 1 1 1 1 1 1 1 1 1 1 1 1 1 1 1 1 1 1 1 1 1 1 1 1 1 1 1 1 1 1 1 1 1 1 1 1 1 1 1 1 1 1 1 1 1 1 1 1 1 1 1 1 1 1 1 1 1 1 1 1 1 1 1 1 1 1 1 1 1 1 1 1 1 1 1 1 1 1 1 1 1 1 1 1 1 1 1 1 1 1 1 1 1 1 1 1 1 1 1 1 1 1 1 1 1 1 1 1 1 1 1 1 1 1 1 1 1 1 1 1 1 1 1 1 1 1 1 1 1 1 1 1 1 1 1 1 1 1 1 1 1 1 1 1 1 1 1 1 1 1 
1.00 1.00 1.00 1.00 1.00 
0.00000 4.00000
29998 31893 33822 35779 37755 39740 41726 43701 45655 47578 49458 51283 53044 54727 56324 57822 59211 60483 61628 62637 63505 64223 64788 65194 65439 65520 65439 65194 64788 64223 63505 62637 61628 60483 59211 57822 56324 54727 53044 51283 49458 47578 45655 43701 41726 39740 37755 35779 33822 31893 29998 28145 26341 24591 22900 21272 19710 18218 16796 15447 14170 12967 11836 10777 9788 8868 8014 7224 6496 5827 5213 4653 4142 3678 3258 2879 2538 2231 1957 1712 1494 1300 1129 978 845 728 626 537 459 392 334 283 240 203 171 144 121 101 84 70 58 48 40 33 27 22 18 15 12 10 8 7 6 5 4 3 4 5 6 7 8 10 12 15 18 22 27 33 40 48 58 70 84 101 121 144 171 203 240 283 334 392 459 537 626 728 845 978 1129 1300 1494 1712 1957 2231 2538 2879 3258 3678 4142 4653 5213 5827 6496 7224 8014 8868 9788 10777 11836 12967 14170 15447 16796 18218 19710 21272 22900 24591 26341 28145 29998 31893 33822 35779 37755 39740 41726 43701 45655 47578 49458 51283 53044 54727 56324 57822 59211 60483 61628 62637 63505 64223 64788 65194 65439 65520 65439 65194 64788 64223 63505 62637 61628 60483 59211 57822 56324 54727 53044 51283 49458 47578 45655 43701 41726 39740 37755 35779 33822 31893 29998 28145 26341 24591 22900 21272 19710 18218 16796 15447 14170 12967 11836 10777 9788 8868 8014 7224 6496 5827 5213 4653 4142 3678 3258 2879 2538 2231 1957 1712 1494 1300 1129 978 845 728 626 537 459 392 334 283 240 203 171 144 121 101 84 70 58 48 40 33 27 22 18 15 12 10 8 7 6 5 4 3 4 5 6 7 8 10 12 15 18 22 27 33 40 48 58 70 84 101 121 144 171 203 240 283 334 392 459 537 626 728 845 978 1129 1300 1494 1712 1957 2231 2538 2879 3258 3678 4142 4653 5213 5827 6496 7224 8014 8868 9788 10777 11836 12967 14170 15447 16796 18218 19710 21272 22900 24591 26341 28145 
1 1 1 1 1 1 1 1 1 1 1 1 1 1 1 1 1 1 1 1 1 1 1 1 1 1 1 1 1 1 1 1 1 1 1 1 1 1 1 1 1 1 1 1 1 1 1 1 1 1 1 1 1 1 1 1 1 1 1 1 1 1 1 1 1 1 1 1 1 1 1 1 1 1 1 1 1 1 1 1 1 1 1 1 1 1 1 1 1 1 1 1 1 1 1 1 1 1 1 1 1 1 1 1 1 1 1 1 1 1 1 1 1 1 1 1 1 1 1 1 1 1 1 1 1 1 1 1 1 1 1 1 1 1 1 1 1 1 1 1 1 1 1 1 1 1 1 1 1 1 1 1 1 1 1 1 1 1 1 1 1 1 1 1 1 1 1 1 1 1 1 1 1 1 1 1 1 1 1 1 1 1 1 1 1 1 1 1 1 1 1 1 1 1 1 1 1 1 1 1 1 1 1 1 1 1 1 1 1 1 1 1 1 1 1 1 1 1 1 1 1 1 1 1 1 1 1 1 1 1 1 1 1 1 1 1 1 1 1 1 1 1 1 1 1 1 1 1 1 1 1 1 1 1 1 1 1 1 1 1 1 1 1 1 1 1 1 1 1 1 1 1 1 1 1 1 1 1 1 1 1 1 1 1 1 1 1 1 1 1 1 1 1 1 1 1 1 1 1 1 1 1 1 1 1 1 1 1 1 1 1 1 1 1 1 1 1 1 1 1 1 1 1 1 1 1 1 1 1 1 1 1 1 1 1 1 1 1 1 1 1 1 1 1 1 1 1 1 1 1 1 1 1 1 1 1 1 1 1 1 1 1 1 1 1 1 1 1 1 1 1 1 1 1 1 1 1 1 1 1 1 1 1 1 1 1 1 1 1 1 1 1 1 1 1 1 1 1 1 1 
1.00 1.00 1.00 1.00 1.00 
1.00000 4.00000
14170 15447 16796 18218 19710 21272 22900 24591 26341 28145 29998 31893 33822 35779 37755 39740 41726 43701 45655 47578 49458 51283 53044 54727 56324 57822 59211 60483 61628 62637 63505 64223 64788 65194 65439 65520 65439 65194 64788 64223 63505 62637 61628 60483 59211 57822 56324 54727 53044 51283 49458 47578 45655 43701 41726 39740 37755 35779 33822 31893 29998 28145 26341 24591 22900 21272 19710 18218 16796 15447 14170 12967 11836 10777 9788 8868 8014 7224 6496 5827 5213 4653 4142 3678 3258 2879 2538 2231 1957 1712 1494 1300 1129 978 845 728 626 537 459 392 334 283 240 203 171 144 121 101 84 70 58 48 40 33 27 22 18 15 12 10 8 7 6 5 4 3 4 5 6 7 8 10 12 15 18 22 27 33 40 48 58 70 84 101 121 144 171 203 240 283 334 392 459 537 626 728 845 978 1129 1300 1494 1712 1957 2231 2538 2879 3258 3678 4142 4653 5213 5827 6496 7224 8014 8868 9788 10777 11836 12967 14170 15447 16796 18218 19710 21272 22900 24591 26341 28145 29998 31893 33822 35779 37755 39740 41726 43701 45655 47578 49458 51283 53044 54727 56324 57822 59211 60483 61628 62637 63505 64223 64788 65194 65439 65520 65439 65194 64788 64223 63505 62637 61628 60483 59211 57822 56324 54727 53044 51283 49458 47578 45655 43701 41726 39740 37755 35779 33822 31893 29998 28145 26341 24591 22900 21272 19710 18218 16796 15447 14170 12967 11836 10777 9788 8868 8014 7224 6496 5827 5213 4653 4142 3678 3258 2879 2538 2231 1957 1712 1494 1300 1129 978 845 728 626 537 459 392 334 283 240 203 171 144 121 101 84 70 58 48 40 33 27 22 18 15 12 10 8 7 6 5 4 3 4 5 6 7 8 10 12 15 18 22 27 33 40 48 58 70 84 101 121 144 171 203 240 283 334 392 459 537 626 728 845 978 1129 1300 1494 1712 1957 2231 2538 2879 3258 3678 4142 4653 5213 5827 6496 7224 8014 8868 9788 10777 11836 12967 
1 1 1 1 1 1 1 1 1 1 1 1 1 1 1 1 1 1 1 1 1 1 1 1 1 1 1 1 1 1 1 1 1 1 1 1 1 1 1 1 1 1 1 1 1 1 1 1 1 1 1 1 1 1 1 1 1 1 1 1 1 1 1 1 1 1 1 1 1 1 1 1 1 1 1 1 1 1 1 1 1 1 1 1 1 1 1 1 1 1 1 1 1 1 1 1 1 1 1 1 1 1 1 1 1 1 1 1 1 1 1 1 1 1 1 1 1 1 1 1 1 1 1 1 1 1 1 1 1 1 1 1 1 1 1 1 1 1 1 1 1 1 1 1 1 1 1 1 1 1 1 1 1 1 1 1 1 1 1 1 1 1 1 1 1 1 1 1 1 1 1 1 1 1 1 1 1 1 1 1 1 1 1 1 1 1 1 1 1 1 1 1 1 1 1 1 1 1 1 1 1 1 1 1 1 1 1 1 1 1 1 1 1 1 1 1 1 1 1 1 1 1 1 1 1 1 1 1 1 1 1 1 1 1 1 1 1 1 1 1 1 1 1 1 1 1 1 1 1 1 1 1 1 1 1 1 1 1 1 1 1 1 1 1 1 1 1 1 1 1 1 1 1 1 1 1 1 1 1 1 1 1 1 1 1 1 1 1 1 1 1 1 1 1 1 1 1 1 1 1 1 1 1 1 1 1 1 1 1 1 1 1 1 1 1 1 1 1 1 1 1 1 1 1 1 1 1 1 1 1 1 1 1 1 1 1 1 1 1 1 1 1 1 1 1 1 1 1 1 1 1 1 1 1 1 1 1 1 1 1 1 1 1 1 1 1 1 1 1 1 1 1 1 1 1 1 1 1 1 1 1 1 1 1 1 1 1 1 1 1 1 1 1 1 1 1 1 1 1 1 
1.00 1.00 1.00 1.00 1.00 
2.00000 4.00000
5213 5827 6496 7224 8014 8868 9788 10777 11836 12967 14170 15447 16796 18218 19710 21272 22900 24591 26341 28145 29998 31893 33822 35779 37755 39740 41726 43701 45655 47578 49458 51283 53044 54727 56324 57822 59211 60483 61628 62637 63505 64223 64788 65194 65439 65520 65439 65194 64788 64223 63505 62637 61628 60483 59211 57822 56324 54727 53044 51283 49458 47578 45655 43701 41726 39740 37755 35779 33822 31893 29998 28145 26341 24591 22900 21272 19710 18218 16796 15447 14170 12967 11836 10777 9788 8868 8014 7224 6496 5827 5213 4653 4142 3678 3258 2879 2538 2231 1957 1712 1494 1300 1129 978 845 728 626 537 459 392 334 283 240 203 171 144 121 101 84 70 58 48 40 33 27 22 18 15 12 10 8 7 6 5 4 3 4 5 6 7 8 10 12 15 18 22 27 33 40 48 58 70 84 101 121 144 171 203 240 283 334 392 459 537 626 728 845 978 1129 1300 1494 1712 1957 2231 2538 2879 3258 3678 4142 4653 5213 5827 6496 7224 8014 8868 9788 10777 11836 12967 14170 15447 16796 18218 19710 21272 22900 24591 26341 28145 29998 31893 33822 35779 37755 39740 41726 43701 45655 47578 49458 51283 53044 54727 56324 57822 59211 60483 61628 62637 63505 64223 64788 65194 65439 65520 65439 65194 64788 64223 63505 62637 61628 60483 59211 57822 56324 54727 53044 51283 49458 47578 45655 43701 41726 39740 37755 35779 33822 31893 29998 28145 26341 24591 22900 21272 19710 18218 16796 15447 14170 12967 11836 10777 9788 8868 8014 7224 6496 5827 5213 4653 4142 3678 3258 2879 2538 2231 1957 1712 1494 1300 1129 978 845 728 626 537 459 392 334 283 240 203 171 144 121 101 84 70 58 48 40 33 27 22 18 15 12 10 8 7 6 5 4 3 4 5 6 7 8 10 12 15 18 22 27 33 40 48 58 70 84 101 121 144 171 203 240 283 334 392 459 537 626 728 845 978 1129 1300 1494 1712 1957 2231 2538 2879 3258 3678 4142 4653 
1 1 1 1 1 1 1 1 1 1 1 1 1 1 1 1 1 1 1 1 1 1 1 1 1 1 1 1 1 1 1 1 1 1 1 1 1 1 1 1 1 1 1 1 1 1 1 1 1 1 1 1 1 1 1 1 1 1 1 1 1 1 1 1 1 1 1 1 1 1 1 1 1 1 1 1 1 1 1 1 1 1 1 1 1 1 1 1 1 1 1 1 1 1 1 1 1 1 1 1 1 1 1 1 1 1 1 1 1 1 1 1 1 1 1 1 1 1 1 1 1 1 1 1 1 1 1 1 1 1 1 1 1 1 1 1 1 1 1 1 1 1 1 1 1 1 1 1 1 1 1 1 1 1 1 1 1 1 1 1 1 1 1 1 1 1 1 1 1 1 1 1 1 1 1 1 1 1 1 1 1 1 1 1 1 1 1 1 1 1 1 1 1 1 1 1 1 1 1 1 1 1 1 1 1 1 1 1 1 1 1 1 1 1 1 1 1 1 1 1 1 1 1 1 1 1 1 1 1 1 1 1 1 1 1 1 1 1 1 1 1 1 1 1 1 1 1 1 1 1 1 1 1 1 1 1 1 1 1 1 1 1 1 1 1 1 1 1 1 1 1 1 1 1 1 1 1 1 1 1 1 1 1 1 1 1 1 1 1 1 1 1 1 1 1 1 1 1 1 1 1 1 1 1 1 1 1 1 1 1 1 1 1 1 1 1 1 1 1 1 1 1 1 1 1 1 1 1 1 1 1 1 1 1 1 1 1 1 1 1 1 1 1 1 1 1 1 1 1 1 1 1 1 1 1 1 1 1 1 1 1 1 1 1 1 1 1 1 1 1 1 1 1 1 1 1 1 1 1 1 1 1 1 1 1 1 1 1 1 1 1 1 1 1 1 1 1 1 1 1 
1.00 1.00 1.00 1.00 1.00 
3.00000 4.00000
1494 1712 1957 2231 2538 2879 3258 3678 4142 4653 5213 5827 6496 7224 8014 8868 9788 10777 11836 12967 14170 15447 16796 18218 19710 21272 22900 24591 26341 28145 29998 31893 33822 35779 37755 39740 41726 43701 45655 47578 49458 51283 53044 54727 56324 57822 59211 60483 61628 62637 63505 64223 64788 65194 65439 65520 65439 65194 64788 64223 63505 62637 61628 60483 59211 57822 56324 54727 53044 51283 49458 47578 45655 43701 41726 39740 37755 35779 33822 31893 29998 28145 26341 24591 22900 21272 19710 18218 16796 15447 14170 12967 11836 10777 9788 8868 8014 7224 6496 5827 5213 4653 4142 3678 3258 2879 2538 2231 1957 1712 1494 1300 1129 978 845 728 626 537 459 392 334 283 240 203 171 144 121 101 84 70 58 48 40 33 27 22 18 15 12 10 8 7 6 5 4 3 4 5 6 7 8 10 12 15 18 22 27 33 40 48 58 70 84 101 121 144 171 203 240 283 334 392 459 537 626 728 845 978 1129 1300 1494 1712 1957 2231 2538 2879 3258 3678 4142 4653 5213 5827 6496 7224 8014 8868 9788 10777 11836 12967 14170 15447 16796 18218 19710 21272 22900 24591 26341 28145 29998 31893 33822 35779 37755 39740 41726 43701 45655 47578 49458 51283 53044 54727 56324 57822 59211 60483 61628 62637 63505 64223 64788 65194 65439 65520 65439 65194 64788 64223 63505 62637 61628 60483 59211 57822 56324 54727 53044 51283 49458 47578 45655 43701 41726 39740 37755 35779 33822 31893 29998 28145 26341 24591 22900 21272 19710 18218 16796 15447 14170 12967 11836 10777 9788 8868 8014 7224 6496 5827 5213 4653 4142 3678 3258 2879 2538 2231 1957 1712 1494 1300 1129 978 845 728 626 537 459 392 334 283 240 203 171 144 121 101 84 70 58 48 40 33 27 22 18 15 12 10 8 7 6 5 4 3 4 5 6 7 8 10 12 15 18 22 27 33 40 48 58 70 84 101 121 144 171 203 240 283 334 392 459 537 626 728 845 978 1129 1300 
1 1 1 1 1 1 1 1 1 1 1 1 1 1 1 1 1 1 1 1 1 1 1 1 1 1 1 1 1 1 1 1 1 1 1 1 1 1 1 1 1 1 1 1 1 1 1 1 1 1 1 1 1 1 1 1 1 1 1 1 1 1 1 1 1 1 1 1 1 1 1 1 1 1 1 1 1 1 1 1 1 1 1 1 1 1 1 1 1 1 1 1 1 1 1 1 1 1 1 1 1 1 1 1 1 1 1 1 1 1 1 1 1 1 1 1 1 1 1 1 1 1 1 1 1 1 1 1 1 1 1 1 1 1 1 1 1 1 1 1 1 1 1 1 1 1 1 1 1 1 1 1 1 1 1 1 1 1 1 1 1 1 1 1 1 1 1 1 1 1 1 1 1 1 1 1 1 1 1 1 1 1 1 1 1 1 1 1 1 1 1 1 1 1 1 1 1 1 1 1 1 1 1 1 1 1 1 1 1 1 1 1 1 1 1 1 1 1 1 1 1 1 1 1 1 1 1 1 1 1 1 1 1 1 1 1 1 1 1 1 1 1 1 1 1 1 1 1 1 1 1 1 1 1 1 1 1 1 1 1 1 1 1 1 1 1 1 1 1 1 1 1 1 1 1 1 1 1 1 1 1 1 1 1 1 1 1 1 1 1 1 1 1 1 1 1 1 1 1 1 1 1 1 1 1 1 1 1 1 1 1 1 1 1 1 1 1 1 1 1 1 1 1 1 1 1 1 1 1 1 1 1 1 1 1 1 1 1 1 1 1 1 1 1 1 1 1 1 1 1 1 1 1 1 1 1 1 1 1 1 1 1 1 1 1 1 1 1 1 1 1 1 1 1 1 1 1 1 1 1 1 1 1 1 1 1 1 1 1 1 1 1 1 1 1 1 1 1 1 1 
1.00 1.00 1.00 1.00 1.00 
4.00000 4.00000
334 392 459 537 626 728 845 978 1129 1300 1494 1712 1957 2231 2538 2879 3258 3678 4142 4653 5213 5827 6496 7224 8014 8868 9788 10777 11836 12967 14170 15447 16796 18218 19710 21272 22900 24591 26341 28145 29998 31893 33822 35779 37755 39740 41726 43701 45655 47578 49458 51283 53044 54727 56324 57822 59211 60483 61628 62637 63505 64223 64788 65194 65439 65520 65439 65194 64788 64223 63505 62637 61628 60483 59211 57822 56324 54727 53044 51283 49458 47578 45655 43701 41726 39740 37755 35779 33822 31893 29998 28145 26341 24591 22900 21272 19710 18218 16796 15447 14170 12967 11836 10777 9788 8868 8014 7224 6496 5827 5213 4653 4142 3678 3258 2879 2538 2231 1957 1712 1494 1300 1129 978 845 728 626 537 459 392 334 283 240 203 171 144 121 101 84 70 58 48 40 33 27 22 18 15 12 10 8 7 6 5 4 3 4 5 6 7 8 10 12 15 18 22 27 33 40 48 58 70 84 101 121 144 171 203 240 283 334 392 459 537 626 728 845 978 1129 1300 1494 1712 1957 2231 2538 2879 3258 3678 4142 4653 5213 5827 6496 7224 8014 8868 9788 10777 11836 12967 14170 15447 16796 18218 19710 21272 22900 24591 26341 28145 29998 31893 33822 35779 37755 39740 41726 43701 45655 47578 49458 51283 53044 54727 56324 57822 59211 60483 61628 62637 63505 64223 64788 65194 65439 65520 65439 65194 64788 64223 63505 62637 61628 60483 59211 57822 56324 54727 53044 51283 49458 47578 45655 43701 41726 39740 37755 35779 33822 31893 29998 28145 26341 24591 22900 21272 19710 18218 16796 15447 14170 12967 11836 10777 9788 8868 8014 7224 6496 5827 5213 4653 4142 3678 3258 2879 2538 2231 1957 1712 1494 1300 1129 978 845 728 626 537 459 392 334 283 240 203 171 144 121 101 84 70 58 48 40 33 27 22 18 15 12 10 8 7 6 5 4 3 4 5 6 7 8 10 12 15 18 22 27 33 40 48 58 70 84 101 121 144 171 203 240 283 
1 1 1 1 1 1 1 1 1 1 1 1 1 1 1 1 1 1 1 1 1 1 1 1 1 1 1 1 1 1 1 1 1 1 1 1 1 1 1 1 1 1 1 1 1 1 1 1 1 1 1 1 1 1 1 1 1 1 1 1 1 1 1 1 1 1 1 1 1 1 1 1 1 1 1 1 1 1 1 1 1 1 1 1 1 1 1 1 1 1 1 1 1 1 1 1 1 1 1 1 1 1 1 1 1 1 1 1 1 1 1 1 1 1 1 1 1 1 1 1 1 1 1 1 1 1 1 1 1 1 1 1 1 1 1 1 1 1 1 1 1 1 1 1 1 1 1 1 1 1 1 1 1 1 1 1 1 1 1 1 1 1 1 1 1 1 1 1 1 1 1 1 1 1 1 1 1 1 1 1 1 1 1 1 1 1 1 1 1 1 1 1 1 1 1 1 1 1 1 1 1 1 1 1 1 1 1 1 1 1 1 1 1 1 1 1 1 1 1 1 1 1 1 1 1 1 1 1 1 1 1 1 1 1 1 1 1 1 1 1 1 1 1 1 1 1 1 1 1 1 1 1 1 1 1 1 1 1 1 1 1 1 1 1 1 1 1 1 1 1 1 1 1 1 1 1 1 1 1 1 1 1 1 1 1 1 1 1 1 1 1 1 1 1 1 1 1 1 1 1 1 1 1 1 1 1 1 1 1 1 1 1 1 1 1 1 1 1 1 1 1 1 1 1 1 1 1 1 1 1 1 1 1 1 1 1 1 1 1 1 1 1 1 1 1 1 1 1 1 1 1 1 1 1 1 1 1 1 1 1 1 1 1 1 1 1 1 1 1 1 1 1 1 1 1 1 1 1 1 1 1 1 1 1 1 1 1 1 1 1 1 1 1 1 1 1 1 1 1 1 
1.00 1.00 1.00 1.00 1.00 
