9	 20
 Node#	 Xpos	 Ypos	 Bit	OI	BL	MaxI	PrefD	Skew	Kurtosis	h11	 h12	 h21	 h22	H1111	H2211	H1112	H2212	H1122	H2222	Xn 	Yn 	H1n 	H2n 	H3n 	H4n 	H5n 	H6n
1	 0.00	 0.00	 1	 0.879	 3	 65520	 77.92	 0.957	 -0.633	 18415.604	 18415.604	 98375.787	 0.000	 0.048	 0.093	 0.04	 0.11	 0.093	 0.767	 -0.000	 0.800	 18445.501	 18400.655 
9.837718e+04	 -4.20	 -14.90	 9.328010e-02	 2.000	 0	 1.000000e-01	 1.00	 0.883	 3.000	 65520.000	 51.950	 0.957	 -0.633	 43998.023	 43998.023	 68199.36	 0.00	 0.235	 0.166	 0.167	 0.212	 0.166	 0.433 
-3.802265e-05	 0.70	 44018.75	 4.398766e+04	 68202.705	 -1.002720e+01	 -1.012838e+01	 0.17	 3.000	 0.000	 0.200	 1.000	 0.882	 3.000	 65520.000	 56.920	 0.96	 -0.63	 41383.776	 41383.776	 75604.585	 0.000	 0.181	 0.155 
1.423372e-01	 0.21	 0.16	 5.076365e-01	 -0.000	 5.999687e-01	 4.140675e+04	 41372.29	 75607.727	 -9.431	 -11.308	 0.157	 4.000	 0.000	 0.300	 1.000	 0.88	 3.00	 65520.000	 60.910	 0.957	 -0.633	 38392.871	 38392.871 
8.113925e+04	 0.00	 0.14	 1.444674e-01	 0.122	 2.068989e-01	 1.444674e-01	 0.57	 -0.000	 0.500	 38417.530	 38380.541	 81142.164	 -8.749	 -12.186	 0.146	 5.00	 0.00	 0.400	 1.000	 0.881	 3.000	 65520.000	 64.900 
9.570000e-01	 -0.63	 34664.43	 3.466443e+04	 86210.487	 0	 1.130160e-01	 0.13	 0.102	 0.194	 0.132	 0.623	 -0.000	 0.400	 34690.630	 34651.329	 86213.12	 -7.90	 -12.987	 0.133	 6.000	 0.000	 0.500	 1.000 
8.800000e-01	 3.00	 65520.00	 6.890000e+01	 0.957	 -6.330000e-01	 3.027102e+04	 30271.02	 90719.592	 0.000	 0.087	 0.119	 0.083	 0.175	 0.119	 0.675	 -0.00	 0.30	 30298.593	 30257.236	 90721.889	 -6.898	 -13.698	 0.120 
7	 0.00	 0.60	 1	 0.880	 3	 65520	 73.91	 0.957	 -0.633	 23975.526	 23975.526	 95432.955	 0.000	 0.062	 0.103	 0.06	 0.14	 0.103	 0.731	 -0.000	 0.200	 24004.529	 23961.024 
9.543477e+04	 -5.46	 -14.44	 1.040441e-01	 8.000	 0	 7.000000e-01	 1.00	 0.879	 3.000	 65520.000	 77.920	 0.957	 -0.633	 18415.604	 18415.604	 98375.79	 0.00	 0.048	 0.093	 0.043	 0.110	 0.093	 0.767 
-8.360832e-05	 0.10	 18445.50	 1.840066e+04	 98377.183	 -4.195728e+00	 -1.490088e+01	 0.09	 9.000	 0.000	 0.800	 1.000	 0.879	 3.000	 65520.000	 81.930	 0.96	 -0.63	 12506.981	 12506.981	 100519.704	 0.000	 0.038	 0.085 
2.740776e-02	 0.07	 0.08	 7.926595e-01	 -0.000	 -3.129251e-05	 1.253753e+04	 12491.71	 100520.651	 -2.849	 -15.236	 0.085	 10.000	 0.100	 0.000	 1.000	 0.88	 3.00	 65520.000	 47.000	 0.957	 -0.633	 45290.612	 45290.612 
6.046387e+04	 0.00	 0.30	 1.712382e-01	 0.188	 2.023753e-01	 1.712382e-01	 0.36	 0.100	 0.800	 45308.988	 45281.423	 60467.311	 -10.322	 -8.891	 0.173	 11.00	 0.10	 0.100	 1.000	 0.883	 3.000	 65520.000	 50.960 
9.570000e-01	 -0.63	 44364.12	 4.436412e+04	 66671.266	 0	 2.472140e-01	 0.17	 0.171	 0.211	 0.167	 0.418	 0.100	 0.700	 44384.381	 44353.987	 66674.63	 -10.11	 -9.884	 0.169	 12.000	 0.100	 0.200	 1.000 
8.830000e-01	 3.00	 65520.00	 5.493000e+01	 0.957	 -6.330000e-01	 4.258387e+04	 42583.87	 72696.836	 0.000	 0.202	 0.160	 0.152	 0.214	 0.160	 0.478	 0.10	 0.60	 42605.961	 42572.819	 72700.069	 -9.705	 -10.845	 0.161 
13	 0.10	 0.30	 1	 0.882	 3	 65520	 58.91	 0.957	 -0.633	 39984.506	 39984.506	 78423.300	 0.000	 0.162	 0.150	 0.13	 0.21	 0.150	 0.537	 0.100	 0.500	 40008.340	 39972.588 
7.842634e+04	 -9.11	 -11.76	 1.513726e-01	 14.000	 1.000000e-01	 4.000000e-01	 1.00	 0.881	 3.000	 65520.000	 63.900	 0.957	 -0.633	 35661.949	 35661.949	 84991.70	 0.00	 0.120	 0.135	 0.107	 0.198	 0.135	 0.609 
9.993918e-02	 0.40	 35687.78	 3.564903e+04	 84994.402	 -8.126887e+00	 -1.279496e+01	 0.14	 15.000	 0.100	 0.500	 1.000	 0.880	 3.000	 65520.000	 67.900	 0.96	 -0.63	 31427.244	 31427.244	 89650.019	 0.000	 0.093	 0.122 
8.731023e-02	 0.18	 0.12	 6.625889e-01	 0.100	 2.999611e-01	 3.145449e+04	 31413.62	 89652.404	 -7.162	 -13.530	 0.123	 16.000	 0.100	 0.600	 1.000	 0.88	 3.00	 65520.000	 71.910	 0.957	 -0.633	 26590.582	 26590.582 
9.367927e+04	 0.00	 0.07	 1.093485e-01	 0.069	 1.565652e-01	 1.093485e-01	 0.71	 0.100	 0.200	 26619.052	 26576.346	 93681.284	 -6.059	 -14.164	 0.110	 17.00	 0.10	 0.700	 1.000	 0.879	 3.000	 65520.000	 76.920 
9.570000e-01	 -0.63	 19842.63	 1.984263e+04	 97712.998	 0	 5.102367e-02	 0.10	 0.047	 0.119	 0.095	 0.759	 0.100	 0.100	 19872.331	 19827.787	 97714.50	 -4.52	 -14.797	 0.096	 18.000	 0.100	 0.800	 1.000 
8.790000e-01	 3.00	 65520.00	 8.092000e+01	 0.957	 -6.330000e-01	 1.401063e+04	 14010.63	 100061.180	 0.000	 0.040	 0.086	 0.031	 0.084	 0.086	 0.787	 0.10	 -0.00	 14041.043	 13995.429	 100062.242	 -3.192	 -15.165	 0.087 
19	 0.20	 0.00	 1	 0.885	 3	 65520	 45.03	 0.957	 -0.633	 45427.402	 45427.402	 57329.673	 0.000	 0.324	 0.172	 0.20	 0.20	 0.172	 0.332	 0.200	 0.800	 45444.826	 45418.689 
5.733312e+04	 -10.35	 -8.39	 1.731668e-01	 20.000	 2.000000e-01	 1.000000e-01	 1.00	 0.884	 3.000	 65520.000	 48.980	 0.957	 -0.633	 44935.608	 44935.608	 63582.80	 0.00	 0.272	 0.170	 0.180	 0.207	 0.170	 0.389 
1.999620e-01	 0.70	 44954.93	 4.492595e+04	 63586.214	 -1.024098e+01	 -9.390627e+00	 0.17	 21.000	 0.200	 0.200	 1.000	 0.883	 3.000	 65520.000	 53.930	 0.96	 -0.63	 43107.354	 43107.354	 71213.986	 0.000	 0.213	 0.162 
1.571082e-01	 0.21	 0.16	 4.627419e-01	 0.200	 5.999535e-01	 4.312900e+04	 43096.53	 71217.259	 -9.824	 -10.609	 0.163	 22.000	 0.200	 0.300	 1.000	 0.88	 3.00	 65520.000	 57.910	 0.957	 -0.633	 40708.635	 40708.635 
7.702594e+04	 0.00	 0.17	 1.529162e-01	 0.137	 2.120988e-01	 1.529162e-01	 0.52	 0.200	 0.500	 40732.044	 40696.930	 77029.032	 -9.277	 -11.533	 0.154	 23.00	 0.20	 0.400	 1.000	 0.881	 3.000	 65520.000	 61.900 
9.570000e-01	 -0.63	 37527.31	 3.752731e+04	 82454.530	 0	 1.360221e-01	 0.14	 0.117	 0.204	 0.141	 0.581	 0.200	 0.400	 37552.365	 37514.776	 82457.38	 -8.55	 -12.394	 0.143	 24.000	 0.200	 0.500	 1.000 
8.810000e-01	 3.00	 65520.00	 6.590000e+01	 0.957	 -6.330000e-01	 3.362529e+04	 33625.29	 87394.092	 0.000	 0.106	 0.129	 0.097	 0.190	 0.129	 0.637	 0.20	 0.30	 33651.847	 33612.006	 87396.644	 -7.663	 -13.174	 0.130 
25	 0.20	 0.60	 1	 0.880	 3	 65520	 70.91	 0.957	 -0.633	 27851.216	 27851.216	 92735.444	 0.000	 0.076	 0.112	 0.07	 0.16	 0.112	 0.699	 0.200	 0.200	 27879.399	 27837.124 
9.273756e+04	 -6.35	 -14.02	 1.132736e-01	 26.000	 2.000000e-01	 7.000000e-01	 1.00	 0.880	 3.000	 65520.000	 74.910	 0.957	 -0.633	 22624.291	 22624.291	 96240.68	 0.00	 0.058	 0.101	 0.056	 0.135	 0.101	 0.741 
1.999164e-01	 0.10	 22653.54	 2.260967e+04	 96242.401	 -5.155043e+00	 -1.456616e+01	 0.10	 27.000	 0.200	 0.800	 1.000	 0.879	 3.000	 65520.000	 78.920	 0.96	 -0.63	 16966.746	 16966.746	 98988.568	 0.000	 0.045	 0.090 
3.904425e-02	 0.10	 0.09	 7.740909e-01	 0.200	 -4.648774e-05	 1.699683e+04	 16951.70	 98989.854	 -3.865	 -14.997	 0.091	 28.000	 0.300	 0.000	 1.000	 0.89	 3.00	 65520.000	 44.040	 0.957	 -0.633	 45413.716	 45413.716 
5.576162e+04	 0.00	 0.34	 1.718228e-01	 0.198	 1.932139e-01	 1.718228e-01	 0.32	 0.300	 0.800	 45430.663	 45405.242	 55765.067	 -10.350	 -8.136	 0.173	 29.00	 0.30	 0.100	 1.000	 0.884	 3.000	 65520.000	 47.990 
9.570000e-01	 -0.63	 45140.30	 4.514030e+04	 62026.198	 0	 2.843788e-01	 0.17	 0.184	 0.205	 0.171	 0.374	 0.300	 0.700	 45159.154	 45130.877	 62029.63	 -10.29	 -9.141	 0.172	 30.000	 0.300	 0.200	 1.000 
8.830000e-01	 3.00	 65520.00	 5.195000e+01	 0.957	 -6.330000e-01	 4.399802e+04	 43998.02	 68199.364	 0.000	 0.235	 0.166	 0.167	 0.212	 0.166	 0.433	 0.30	 0.60	 44018.750	 43987.659	 68202.705	 -10.027	 -10.128	 0.167 
31	 0.30	 0.30	 1	 0.882	 3	 65520	 55.92	 0.957	 -0.633	 42009.108	 42009.108	 74160.963	 0.000	 0.192	 0.158	 0.15	 0.21	 0.158	 0.493	 0.300	 0.500	 42031.647	 41997.838 
7.416415e+04	 -9.57	 -11.08	 1.591016e-01	 32.000	 3.000000e-01	 4.000000e-01	 1.00	 0.882	 3.000	 65520.000	 60.910	 0.957	 -0.633	 38392.871	 38392.871	 81139.25	 0.00	 0.144	 0.144	 0.122	 0.207	 0.144	 0.567 
2.999392e-01	 0.40	 38417.53	 3.838054e+04	 81142.164	 -8.749408e+00	 -1.218556e+01	 0.15	 33.000	 0.300	 0.500	 1.000	 0.881	 3.000	 65520.000	 64.900	 0.96	 -0.63	 34664.430	 34664.430	 86210.487	 0.000	 0.113	 0.132 
1.019688e-01	 0.19	 0.13	 6.230965e-01	 0.300	 2.999459e-01	 3.469063e+04	 34651.33	 86213.118	 -7.900	 -12.987	 0.133	 34.000	 0.300	 0.600	 1.000	 0.88	 3.00	 65520.000	 68.900	 0.957	 -0.633	 30271.022	 30271.022 
9.071959e+04	 0.00	 0.09	 1.188827e-01	 0.083	 1.750307e-01	 1.188827e-01	 0.68	 0.300	 0.200	 30298.593	 30257.236	 90721.889	 -6.898	 -13.698	 0.120	 35.00	 0.30	 0.700	 1.000	 0.880	 3.000	 65520.000	 73.910 
9.570000e-01	 -0.63	 23975.53	 2.397553e+04	 95432.955	 0	 6.226694e-02	 0.10	 0.060	 0.142	 0.103	 0.731	 0.300	 0.100	 24004.529	 23961.024	 95434.77	 -5.46	 -14.439	 0.104	 36.000	 0.300	 0.800	 1.000 
8.790000e-01	 3.00	 65520.00	 7.792000e+01	 0.957	 -6.330000e-01	 1.841560e+04	 18415.60	 98375.787	 0.000	 0.048	 0.093	 0.043	 0.110	 0.093	 0.767	 0.30	 -0.00	 18445.501	 18400.655	 98377.183	 -4.196	 -14.901	 0.093 
37	 0.40	 0.00	 1	 0.885	 3	 65520	 42.07	 0.957	 -0.633	 45222.269	 45222.269	 52633.146	 0.000	 0.366	 0.171	 0.20	 0.19	 0.171	 0.292	 0.400	 0.800	 45238.265	 45214.270 
5.263658e+04	 -10.31	 -7.63	 1.723798e-01	 38.000	 4.000000e-01	 1.000000e-01	 1.00	 0.884	 3.000	 65520.000	 46.010	 0.957	 -0.633	 45386.350	 45386.350	 58897.73	 0.00	 0.311	 0.172	 0.192	 0.200	 0.172	 0.346 
3.999620e-01	 0.70	 45404.25	 4.537740e+04	 58901.175	 -1.034380e+01	 -8.639882e+00	 0.17	 39.000	 0.400	 0.200	 1.000	 0.883	 3.000	 65520.000	 50.960	 0.96	 -0.63	 44364.119	 44364.119	 66671.266	 0.000	 0.247	 0.167 
1.710998e-01	 0.21	 0.17	 4.181223e-01	 0.400	 5.999383e-01	 4.438438e+04	 44353.99	 66674.635	 -10.111	 -9.884	 0.169	 40.000	 0.400	 0.300	 1.000	 0.88	 3.00	 65520.000	 54.930	 0.957	 -0.633	 42583.867	 42583.867 
7.269684e+04	 0.00	 0.20	 1.601405e-01	 0.152	 2.137214e-01	 1.601405e-01	 0.48	 0.400	 0.500	 42605.961	 42572.819	 72700.069	 -9.705	 -10.845	 0.161	 41.00	 0.40	 0.400	 1.000	 0.882	 3.000	 65520.000	 58.910 
9.570000e-01	 -0.63	 39984.51	 3.998451e+04	 78423.300	 0	 1.621979e-01	 0.15	 0.132	 0.211	 0.150	 0.537	 0.400	 0.400	 40008.340	 39972.588	 78426.34	 -9.11	 -11.755	 0.151	 42.000	 0.400	 0.500	 1.000 
8.810000e-01	 3.00	 65520.00	 6.290000e+01	 0.957	 -6.330000e-01	 3.661663e+04	 36616.63	 83739.200	 0.000	 0.128	 0.138	 0.112	 0.201	 0.138	 0.595	 0.40	 0.30	 36642.077	 36603.903	 83741.980	 -8.345	 -12.597	 0.139 
43	 0.40	 0.60	 1	 0.880	 3	 65520	 67.90	 0.957	 -0.633	 31427.244	 31427.244	 89650.019	 0.000	 0.093	 0.122	 0.09	 0.18	 0.122	 0.663	 0.400	 0.200	 31454.490	 31413.621 
8.965240e+04	 -7.16	 -13.53	 1.230494e-01	 44.000	 4.000000e-01	 7.000000e-01	 1.00	 0.880	 3.000	 65520.000	 71.910	 0.957	 -0.633	 26590.582	 26590.582	 93679.27	 0.00	 0.071	 0.109	 0.069	 0.157	 0.109	 0.710 
3.999164e-01	 0.10	 26619.05	 2.657635e+04	 93681.284	 -6.059117e+00	 -1.416396e+01	 0.11	 45.000	 0.400	 0.800	 1.000	 0.880	 3.000	 65520.000	 75.910	 0.96	 -0.63	 21246.101	 21246.101	 97001.008	 0.000	 0.054	 0.098 
5.128687e-02	 0.13	 0.10	 7.499591e-01	 0.400	 -6.168296e-05	 2.127558e+04	 21231.36	 97002.619	 -4.841	 -14.685	 0.098	 46.000	 0.500	 0.000	 1.000	 0.89	 3.00	 65520.000	 41.090	 0.957	 -0.633	 45044.740	 45044.740 
5.107654e+04	 0.00	 0.38	 1.703632e-01	 0.207	 1.820137e-01	 1.703632e-01	 0.28	 0.500	 0.800	 45060.263	 45036.978	 51079.963	 -10.266	 -7.382	 0.172	 47.00	 0.50	 0.100	 1.000	 0.885	 3.000	 65520.000	 45.030 
9.570000e-01	 -0.63	 45427.40	 4.542740e+04	 57329.673	 0	 3.240042e-01	 0.17	 0.195	 0.197	 0.172	 0.332	 0.500	 0.700	 45444.826	 45418.689	 57333.12	 -10.35	 -8.388	 0.173	 48.000	 0.500	 0.200	 1.000 
8.840000e-01	 3.00	 65520.00	 4.898000e+01	 0.957	 -6.330000e-01	 4.493561e+04	 44935.61	 63582.802	 0.000	 0.272	 0.170	 0.180	 0.207	 0.170	 0.389	 0.50	 0.60	 44954.932	 44925.945	 63586.214	 -10.241	 -9.391	 0.171 
49	 0.50	 0.30	 1	 0.883	 3	 65520	 52.94	 0.957	 -0.633	 43578.931	 43578.931	 69714.219	 0.000	 0.224	 0.164	 0.16	 0.21	 0.164	 0.448	 0.500	 0.500	 43600.118	 43568.337 
6.971753e+04	 -9.93	 -10.37	 1.653754e-01	 50.000	 5.000000e-01	 4.000000e-01	 1.00	 0.882	 3.000	 65520.000	 57.910	 0.957	 -0.633	 40708.635	 40708.635	 77025.94	 0.00	 0.172	 0.153	 0.137	 0.212	 0.153	 0.523 
4.999392e-01	 0.40	 40732.04	 4.069693e+04	 77029.032	 -9.277306e+00	 -1.153334e+01	 0.15	 51.000	 0.500	 0.500	 1.000	 0.881	 3.000	 65520.000	 61.900	 0.96	 -0.63	 37527.306	 37527.306	 82454.530	 0.000	 0.136	 0.141 
1.170312e-01	 0.20	 0.14	 5.810944e-01	 0.500	 2.999307e-01	 3.755236e+04	 37514.78	 82457.379	 -8.552	 -12.394	 0.143	 52.000	 0.500	 0.600	 1.000	 0.88	 3.00	 65520.000	 65.900	 0.957	 -0.633	 33625.287	 33625.287 
8.739409e+04	 0.00	 0.11	 1.286892e-01	 0.097	 1.900287e-01	 1.286892e-01	 0.64	 0.500	 0.200	 33651.847	 33612.006	 87396.644	 -7.663	 -13.174	 0.130	 53.00	 0.50	 0.700	 1.000	 0.880	 3.000	 65520.000	 70.910 
9.570000e-01	 -0.63	 27851.22	 2.785122e+04	 92735.444	 0	 7.625283e-02	 0.11	 0.073	 0.163	 0.112	 0.699	 0.500	 0.100	 27879.399	 27837.124	 92737.56	 -6.35	 -14.016	 0.113	 54.000	 0.500	 0.800	 1.000 
8.800000e-01	 3.00	 65520.00	 7.491000e+01	 0.957	 -6.330000e-01	 2.262429e+04	 22624.29	 96240.685	 0.000	 0.058	 0.101	 0.056	 0.135	 0.101	 0.741	 0.50	 -0.00	 22653.539	 22609.666	 96242.401	 -5.155	 -14.566	 0.101 
55	 0.60	 0.00	 1	 0.885	 3	 65520	 39.13	 0.957	 -0.633	 44527.153	 44527.153	 47988.074	 0.000	 0.409	 0.168	 0.21	 0.17	 0.168	 0.254	 0.600	 0.800	 44541.738	 44519.860 
4.799146e+04	 -10.15	 -6.88	 1.695680e-01	 56.000	 6.000000e-01	 1.000000e-01	 1.00	 0.885	 3.000	 65520.000	 43.060	 0.957	 -0.633	 45345.311	 45345.311	 54195.47	 0.00	 0.352	 0.172	 0.201	 0.190	 0.172	 0.305 
5.999620e-01	 0.70	 45361.78	 4.533707e+04	 54198.917	 -1.033453e+01	 -7.884313e+00	 0.17	 57.000	 0.600	 0.200	 1.000	 0.884	 3.000	 65520.000	 47.990	 0.96	 -0.63	 45140.303	 45140.303	 62026.198	 0.000	 0.284	 0.171 
1.838893e-01	 0.20	 0.17	 3.744402e-01	 0.600	 5.999231e-01	 4.515915e+04	 45130.88	 62029.626	 -10.288	 -9.141	 0.172	 58.000	 0.600	 0.300	 1.000	 0.88	 3.00	 65520.000	 51.950	 0.957	 -0.633	 43998.023	 43998.023 
6.819936e+04	 0.00	 0.24	 1.658245e-01	 0.167	 2.119721e-01	 1.658245e-01	 0.43	 0.600	 0.500	 44018.750	 43987.659	 68202.705	 -10.027	 -10.128	 0.167	 59.00	 0.60	 0.400	 1.000	 0.882	 3.000	 65520.000	 55.920 
9.570000e-01	 -0.63	 42009.11	 4.200911e+04	 74160.963	 0	 1.915369e-01	 0.16	 0.147	 0.214	 0.158	 0.493	 0.600	 0.400	 42031.647	 41997.838	 74164.15	 -9.57	 -11.078	 0.159	 60.000	 0.600	 0.500	 1.000 
8.820000e-01	 3.00	 65520.00	 5.991000e+01	 0.957	 -6.330000e-01	 3.921227e+04	 39212.27	 79794.960	 0.000	 0.153	 0.147	 0.127	 0.209	 0.147	 0.552	 0.60	 0.30	 39236.522	 39200.145	 79797.937	 -8.936	 -11.973	 0.149 
61	 0.60	 0.60	 1	 0.881	 3	 65520	 64.90	 0.957	 -0.633	 34664.430	 34664.430	 86210.487	 0.000	 0.113	 0.132	 0.10	 0.19	 0.132	 0.623	 0.600	 0.200	 34690.630	 34651.329 
8.621312e+04	 -7.90	 -12.99	 1.329441e-01	 62.000	 6.000000e-01	 7.000000e-01	 1.00	 0.880	 3.000	 65520.000	 68.900	 0.957	 -0.633	 30271.022	 30271.022	 90719.59	 0.00	 0.087	 0.119	 0.083	 0.175	 0.119	 0.675 
5.999164e-01	 0.10	 30298.59	 3.025724e+04	 90721.889	 -6.898044e+00	 -1.369840e+01	 0.12	 63.000	 0.600	 0.800	 1.000	 0.880	 3.000	 65520.000	 72.910	 0.96	 -0.63	 25298.160	 25298.160	 94578.801	 0.000	 0.067	 0.106 
6.421648e-02	 0.15	 0.11	 7.207745e-01	 0.600	 -7.687818e-05	 2.532690e+04	 25283.79	 94580.720	 -5.765	 -14.305	 0.107	 64.000	 0.700	 0.000	 1.000	 0.89	 3.00	 65520.000	 38.140	 0.957	 -0.633	 44187.725	 44187.725 
4.645997e+04	 0.00	 0.42	 1.669244e-01	 0.212	 1.692181e-01	 1.669244e-01	 0.24	 0.700	 0.800	 44201.845	 44180.664	 46463.331	 -10.071	 -6.637	 0.168	 65.00	 0.70	 0.100	 1.000	 0.885	 3.000	 65520.000	 42.070 
9.570000e-01	 -0.63	 45222.27	 4.522227e+04	 52633.146	 0	 3.656932e-01	 0.17	 0.204	 0.186	 0.171	 0.292	 0.700	 0.700	 45238.265	 45214.270	 52636.58	 -10.31	 -7.633	 0.172	 66.000	 0.700	 0.200	 1.000 
8.840000e-01	 3.00	 65520.00	 4.601000e+01	 0.957	 -6.330000e-01	 4.538635e+04	 45386.35	 58897.728	 0.000	 0.311	 0.172	 0.192	 0.200	 0.172	 0.346	 0.70	 0.60	 45404.250	 45377.399	 58901.175	 -10.344	 -8.640	 0.173 
67	 0.70	 0.30	 1	 0.884	 3	 65520	 49.97	 0.957	 -0.633	 44676.775	 44676.775	 65131.787	 0.000	 0.259	 0.169	 0.18	 0.21	 0.169	 0.403	 0.700	 0.500	 44696.570	 44666.877 
6.513518e+04	 -10.18	 -9.64	 1.699220e-01	 68.000	 7.000000e-01	 4.000000e-01	 1.00	 0.883	 3.000	 65520.000	 54.930	 0.957	 -0.633	 42583.867	 42583.867	 72696.84	 0.00	 0.202	 0.160	 0.152	 0.214	 0.160	 0.478 
6.999392e-01	 0.40	 42605.96	 4.257282e+04	 72700.069	 -9.704799e+00	 -1.084518e+01	 0.16	 69.000	 0.700	 0.500	 1.000	 0.882	 3.000	 65520.000	 58.910	 0.96	 -0.63	 39984.506	 39984.506	 78423.300	 0.000	 0.162	 0.150 
1.322521e-01	 0.21	 0.15	 5.373648e-01	 0.700	 2.999155e-01	 4.000834e+04	 39972.59	 78426.336	 -9.112	 -11.755	 0.151	 70.000	 0.700	 0.600	 1.000	 0.88	 3.00	 65520.000	 62.900	 0.957	 -0.633	 36616.628	 36616.628 
8.373920e+04	 0.00	 0.13	 1.383357e-01	 0.112	 2.013861e-01	 1.383357e-01	 0.60	 0.700	 0.200	 36642.077	 36603.903	 83741.980	 -8.345	 -12.597	 0.139	 71.00	 0.70	 0.700	 1.000	 0.880	 3.000	 65520.000	 67.900 
9.570000e-01	 -0.63	 31427.24	 3.142724e+04	 89650.019	 0	 9.312602e-02	 0.12	 0.087	 0.180	 0.122	 0.663	 0.700	 0.100	 31454.490	 31413.621	 89652.40	 -7.16	 -13.530	 0.123	 72.000	 0.700	 0.800	 1.000 
8.800000e-01	 3.00	 65520.00	 7.191000e+01	 0.957	 -6.330000e-01	 2.659058e+04	 26590.58	 93679.266	 0.000	 0.071	 0.109	 0.069	 0.157	 0.109	 0.710	 0.70	 -0.00	 26619.052	 26576.346	 93681.284	 -6.059	 -14.164	 0.110 
73	 0.80	 0.00	 1	 0.886	 3	 65520	 36.19	 0.957	 -0.633	 43349.668	 43349.668	 43445.349	 0.000	 0.453	 0.164	 0.21	 0.16	 0.164	 0.220	 0.800	 0.800	 43362.872	 43343.065 
4.344864e+04	 -9.88	 -6.15	 1.648541e-01	 74.000	 8.000000e-01	 1.000000e-01	 1.00	 0.885	 3.000	 65520.000	 40.110	 0.957	 -0.633	 44812.940	 44812.940	 49527.56	 0.00	 0.394	 0.169	 0.209	 0.178	 0.169	 0.267 
7.999620e-01	 0.70	 44827.99	 4.480541e+04	 49530.958	 -1.021327e+01	 -7.132201e+00	 0.17	 75.000	 0.800	 0.200	 1.000	 0.885	 3.000	 65520.000	 45.030	 0.96	 -0.63	 45427.402	 45427.402	 57329.673	 0.000	 0.324	 0.172 
1.950403e-01	 0.20	 0.17	 3.322842e-01	 0.800	 5.999079e-01	 4.544483e+04	 45418.69	 57333.123	 -10.353	 -8.388	 0.173	 76.000	 0.800	 0.300	 1.000	 0.88	 3.00	 65520.000	 48.980	 0.957	 -0.633	 44935.608	 44935.608 
6.358280e+04	 0.00	 0.27	 1.697206e-01	 0.180	 2.071384e-01	 1.697206e-01	 0.39	 0.800	 0.500	 44954.932	 44925.945	 63586.214	 -10.241	 -9.391	 0.171	 77.00	 0.80	 0.400	 1.000	 0.883	 3.000	 65520.000	 52.940 
9.570000e-01	 -0.63	 43578.93	 4.357893e+04	 69714.219	 0	 2.239603e-01	 0.16	 0.162	 0.213	 0.164	 0.448	 0.800	 0.400	 43600.118	 43568.337	 69717.53	 -9.93	 -10.370	 0.165	 78.000	 0.800	 0.500	 1.000 
8.820000e-01	 3.00	 65520.00	 5.692000e+01	 0.957	 -6.330000e-01	 4.138378e+04	 41383.78	 75604.585	 0.000	 0.181	 0.155	 0.142	 0.213	 0.155	 0.508	 0.80	 0.30	 41406.753	 41372.287	 75607.727	 -9.431	 -11.308	 0.157 
79	 0.80	 0.60	 1	 0.881	 3	 65520	 61.90	 0.957	 -0.633	 37527.306	 37527.306	 82454.530	 0.000	 0.136	 0.141	 0.12	 0.20	 0.141	 0.581	 0.800	 0.200	 37552.365	 37514.776 
8.245738e+04	 -8.55	 -12.39	 1.425247e-01	 80.000	 8.000000e-01	 7.000000e-01	 1.00	 0.881	 3.000	 65520.000	 65.900	 0.957	 -0.633	 33625.287	 33625.287	 87394.09	 0.00	 0.106	 0.129	 0.097	 0.190	 0.129	 0.637 
7.999164e-01	 0.10	 33651.85	 3.361201e+04	 87396.644	 -7.662633e+00	 -1.317427e+01	 0.13	 81.000	 0.800	 0.800	 1.000	 0.880	 3.000	 65520.000	 69.900	 0.96	 -0.63	 29078.528	 29078.528	 91748.485	 0.000	 0.082	 0.116 
7.785124e-02	 0.17	 0.12	 6.871441e-01	 0.800	 -9.207341e-05	 2.910641e+04	 29064.59	 91750.692	 -6.626	 -13.860	 0.116	 82.000	 0.900	 0.000	 1.000	 0.89	 3.00	 65520.000	 35.210	 0.957	 -0.633	 42852.061	 42852.061 
4.196250e+04	 0.00	 0.47	 1.616564e-01	 0.215	 1.552688e-01	 1.616564e-01	 0.21	 0.900	 0.800	 42864.814	 42845.683	 41965.752	 -9.766	 -5.909	 0.163	 83.00	 0.90	 0.100	 1.000	 0.885	 3.000	 65520.000	 39.130 
9.570000e-01	 -0.63	 44527.15	 4.452715e+04	 47988.074	 0	 4.089635e-01	 0.17	 0.211	 0.174	 0.168	 0.254	 0.900	 0.700	 44541.738	 44519.860	 47991.46	 -10.15	 -6.884	 0.170	 84.000	 0.900	 0.200	 1.000 
8.850000e-01	 3.00	 65520.00	 4.306000e+01	 0.957	 -6.330000e-01	 4.534531e+04	 45345.31	 54195.473	 0.000	 0.352	 0.172	 0.201	 0.190	 0.172	 0.305	 0.90	 0.60	 45361.782	 45337.075	 54198.917	 -10.335	 -7.884	 0.173 
85	 0.90	 0.30	 1	 0.884	 3	 65520	 47.00	 0.957	 -0.633	 45290.612	 45290.612	 60463.872	 0.000	 0.297	 0.171	 0.19	 0.20	 0.171	 0.360	 0.900	 0.500	 45308.988	 45281.423 
6.046731e+04	 -10.32	 -8.89	 1.725452e-01	 86.000	 9.000000e-01	 4.000000e-01	 1.00	 0.883	 3.000	 65520.000	 51.950	 0.957	 -0.633	 43998.023	 43998.023	 68199.36	 0.00	 0.235	 0.166	 0.167	 0.212	 0.166	 0.433 
8.999392e-01	 0.40	 44018.75	 4.398766e+04	 68202.705	 -1.002720e+01	 -1.012838e+01	 0.17	 87.000	 0.900	 0.500	 1.000	 0.882	 3.000	 65520.000	 55.920	 0.96	 -0.63	 42009.108	 42009.108	 74160.963	 0.000	 0.192	 0.158 
1.473225e-01	 0.21	 0.16	 4.926845e-01	 0.900	 2.999003e-01	 4.203165e+04	 41997.84	 74164.153	 -9.574	 -11.078	 0.159	 88.000	 0.900	 0.600	 1.000	 0.88	 3.00	 65520.000	 59.910	 0.957	 -0.633	 39212.271	 39212.271 
7.979496e+04	 0.00	 0.15	 1.473978e-01	 0.127	 2.090386e-01	 1.473978e-01	 0.55	 0.900	 0.200	 39236.522	 39200.145	 79797.937	 -8.936	 -11.973	 0.149	 89.00	 0.90	 0.700	 1.000	 0.881	 3.000	 65520.000	 64.900 
9.570000e-01	 -0.63	 34664.43	 3.466443e+04	 86210.487	 0	 1.130160e-01	 0.13	 0.102	 0.194	 0.132	 0.623	 0.900	 0.100	 34690.630	 34651.329	 86213.12	 -7.90	 -12.987	 0.133	 90.000	 0.900	 0.800	 1.000 
8.800000e-01	 3.00	 65520.00	 6.890000e+01	 0.957	 -6.330000e-01	 3.027102e+04	 30271.02	 90719.592	 0.000	 0.087	 0.119	 0.083	 0.175	 0.119	 0.675	 0.90	 -0.00	 30298.593	 30257.236	 90721.889	 -6.898	 -13.698	 0.120 
91	 1.00	 0.00	 1	 0.886	 3	 65520	 33.25	 0.957	 -0.633	 41702.717	 41702.717	 39054.742	 0.000	 0.498	 0.157	 0.22	 0.15	 0.157	 0.188	 1.000	 0.800	 41714.587	 41696.781 
3.905791e+04	 -9.50	 -5.44	 1.584413e-01	 92.000	 1	 1.000000e-01	 1.00	 0.886	 3.000	 65520.000	 37.160	 0.957	 -0.633	 43795.071	 43795.071	 44945.12	 0.00	 0.438	 0.165	 0.214	 0.165	 0.165	 0.231 
9.999620e-01	 0.70	 43808.73	 4.378824e+04	 44948.444	 -9.981347e+00	 -6.391854e+00	 0.17	 93.000	 1.000	 0.200	 1.000	 0.885	 3.000	 65520.000	 42.070	 0.96	 -0.63	 45222.269	 45222.269	 52633.146	 0.000	 0.366	 0.171 
2.041197e-01	 0.19	 0.17	 2.921575e-01	 1.000	 5.998927e-01	 4.523827e+04	 45214.27	 52636.580	 -10.307	 -7.633	 0.172	 94.000	 1.000	 0.300	 1.000	 0.88	 3.00	 65520.000	 46.010	 0.957	 -0.633	 45386.350	 45386.350 
5.889773e+04	 0.00	 0.31	 1.716606e-01	 0.192	 1.995749e-01	 1.716606e-01	 0.35	 1.000	 0.500	 45404.250	 45377.399	 58901.175	 -10.344	 -8.640	 0.173	 95.00	 1.00	 0.400	 1.000	 0.884	 3.000	 65520.000	 49.970 
9.570000e-01	 -0.63	 44676.78	 4.467678e+04	 65131.787	 0	 2.593080e-01	 0.17	 0.176	 0.209	 0.169	 0.403	 1.000	 0.400	 44696.570	 44666.877	 65135.18	 -10.18	 -9.638	 0.170	 96.000	 1.000	 0.500	 1.000 
8.830000e-01	 3.00	 65520.00	 5.393000e+01	 0.957	 -6.330000e-01	 4.310735e+04	 43107.35	 71213.986	 0.000	 0.213	 0.162	 0.157	 0.214	 0.162	 0.463	 1.00	 0.30	 43128.997	 43096.532	 71217.259	 -9.824	 -10.609	 0.163 
97	 1.00	 0.60	 1	 0.882	 3	 65520	 58.91	 0.957	 -0.633	 39984.506	 39984.506	 78423.300	 0.000	 0.162	 0.150	 0.13	 0.21	 0.150	 0.537	 1.000	 0.200	 40008.340	 39972.588 
7.842634e+04	 -9.11	 -11.76	 1.513726e-01	 98.000	 1	 7.000000e-01	 1.00	 0.881	 3.000	 65520.000	 62.900	 0.957	 -0.633	 36616.628	 36616.628	 83739.20	 0.00	 0.128	 0.138	 0.112	 0.201	 0.138	 0.595 
9.999164e-01	 0.10	 36642.08	 3.660390e+04	 83741.980	 -8.344507e+00	 -1.259699e+01	 0.14	 99.000	 1.000	 0.800	 1.000	 0.881	 3.000	 65520.000	 66.900	 0.96	 -0.63	 32545.787	 32545.787	 88541.069	 0.000	 0.099	 0.125 
9.213931e-02	 0.19	 0.13	 6.497514e-01	 1.000	 -1.072686e-04	 3.257270e+04	 32532.33	 88543.539	 -7.417	 -13.355	 0.126	 100.000	 1.100	 0.000	 1.000	 0.89	 3.00	 65520.000	 32.270	 0.957	 -0.633	 41052.382	 41052.382 
3.763338e+04	 0.00	 0.51	 1.547870e-01	 0.214	 1.405879e-01	 1.547870e-01	 0.18	 1.100	 0.800	 41063.820	 41046.662	 37636.501	 -9.356	 -5.206	 0.156	 101.00	 1.10	 0.100	 1.000	 0.886	 3.000	 65520.000	 36.190 
9.570000e-01	 -0.63	 43349.67	 4.334967e+04	 43445.349	 0	 4.532559e-01	 0.16	 0.214	 0.160	 0.164	 0.220	 1.100	 0.700	 43362.872	 43343.065	 43448.64	 -9.88	 -6.149	 0.165	 102.000	 1.100	 0.200	 1.000 
8.850000e-01	 3.00	 65520.00	 4.011000e+01	 0.957	 -6.330000e-01	 4.481294e+04	 44812.94	 49527.555	 0.000	 0.394	 0.169	 0.209	 0.178	 0.169	 0.267	 1.10	 0.60	 44827.992	 44805.413	 49530.958	 -10.213	 -7.132	 0.171 
103	 1.10	 0.30	 1	 0.885	 3	 65520	 44.04	 0.957	 -0.633	 45413.716	 45413.716	 55761.618	 0.000	 0.338	 0.172	 0.20	 0.19	 0.172	 0.319	 1.100	 0.500	 45430.663	 45405.242 
5.576507e+04	 -10.35	 -8.14	 1.731335e-01	 104.000	 1.100000e+00	 4.000000e-01	 1.00	 0.884	 3.000	 65520.000	 48.980	 0.957	 -0.633	 44935.608	 44935.608	 63582.80	 0.00	 0.272	 0.170	 0.180	 0.207	 0.170	 0.389 
1.099939e+00	 0.40	 44954.93	 4.492595e+04	 63586.214	 -1.024098e+01	 -9.390627e+00	 0.17	 105.000	 1.100	 0.500	 1.000	 0.883	 3.000	 65520.000	 52.940	 0.96	 -0.63	 43578.931	 43578.931	 69714.219	 0.000	 0.224	 0.164 
1.618791e-01	 0.21	 0.16	 4.478041e-01	 1.100	 2.998851e-01	 4.360012e+04	 43568.34	 69717.528	 -9.932	 -10.370	 0.165	 106.000	 1.100	 0.600	 1.000	 0.88	 3.00	 65520.000	 56.920	 0.957	 -0.633	 41383.776	 41383.776 
7.560459e+04	 0.00	 0.18	 1.554773e-01	 0.142	 2.130288e-01	 1.554773e-01	 0.51	 1.100	 0.200	 41406.753	 41372.287	 75607.727	 -9.431	 -11.308	 0.157	 107.00	 1.10	 0.700	 1.000	 0.881	 3.000	 65520.000	 61.900 
9.570000e-01	 -0.63	 37527.31	 3.752731e+04	 82454.530	 0	 1.360221e-01	 0.14	 0.117	 0.204	 0.141	 0.581	 1.100	 0.100	 37552.365	 37514.776	 82457.38	 -8.55	 -12.394	 0.143	 108.000	 1.100	 0.800	 1.000 
8.810000e-01	 3.00	 65520.00	 6.590000e+01	 0.957	 -6.330000e-01	 3.362529e+04	 33625.29	 87394.092	 0.000	 0.106	 0.129	 0.097	 0.190	 0.129	 0.637	 1.10	 -0.00	 33651.847	 33612.006	 87396.644	 -7.663	 -13.174	 0.130 
109	 1.20	 0.00	 1	 0.886	 3	 65520	 30.32	 0.957	 -0.633	 39604.344	 39604.344	 34864.356	 0.000	 0.542	 0.149	 0.21	 0.13	 0.149	 0.159	 1.200	 0.800	 39614.940	 39599.045 
3.486736e+04	 -9.03	 -4.76	 1.506043e-01	 110.000	 1.200000e+00	 1.000000e-01	 1.00	 0.886	 3.000	 65520.000	 34.230	 0.957	 -0.633	 42302.854	 42302.854	 40498.37	 0.00	 0.483	 0.160	 0.215	 0.150	 0.160	 0.198 
1.199962e+00	 0.70	 42315.16	 4.229670e+04	 40501.579	 -9.641306e+00	 -5.671505e+00	 0.16	 111.000	 1.200	 0.200	 1.000	 0.885	 3.000	 65520.000	 39.130	 0.96	 -0.63	 44527.153	 44527.153	 47988.074	 0.000	 0.409	 0.168 
2.107159e-01	 0.17	 0.17	 2.544705e-01	 1.200	 5.998775e-01	 4.454174e+04	 44519.86	 47991.456	 -10.148	 -6.884	 0.170	 112.000	 1.200	 0.300	 1.000	 0.89	 3.00	 65520.000	 43.060	 0.957	 -0.633	 45345.311	 45345.311 
5.419547e+04	 0.00	 0.35	 1.715620e-01	 0.201	 1.896853e-01	 1.715620e-01	 0.31	 1.200	 0.500	 45361.782	 45337.075	 54198.917	 -10.335	 -7.884	 0.173	 113.00	 1.20	 0.400	 1.000	 0.884	 3.000	 65520.000	 47.000 
9.570000e-01	 -0.63	 45290.61	 4.529061e+04	 60463.872	 0	 2.973317e-01	 0.17	 0.188	 0.202	 0.171	 0.360	 1.200	 0.400	 45308.988	 45281.423	 60467.31	 -10.32	 -8.891	 0.173	 114.000	 1.200	 0.500	 1.000 
8.830000e-01	 3.00	 65520.00	 5.096000e+01	 0.957	 -6.330000e-01	 4.436412e+04	 44364.12	 66671.266	 0.000	 0.247	 0.167	 0.171	 0.211	 0.167	 0.418	 1.20	 0.30	 44384.381	 44353.987	 66674.635	 -10.111	 -9.884	 0.169 
115	 1.20	 0.60	 1	 0.882	 3	 65520	 55.92	 0.957	 -0.633	 42009.108	 42009.108	 74160.963	 0.000	 0.192	 0.158	 0.15	 0.21	 0.158	 0.493	 1.200	 0.200	 42031.647	 41997.838 
7.416415e+04	 -9.57	 -11.08	 1.591016e-01	 116.000	 1.200000e+00	 7.000000e-01	 1.00	 0.882	 3.000	 65520.000	 59.910	 0.957	 -0.633	 39212.271	 39212.271	 79794.96	 0.00	 0.153	 0.147	 0.127	 0.209	 0.147	 0.552 
1.199916e+00	 0.10	 39236.52	 3.920014e+04	 79797.937	 -8.936195e+00	 -1.197258e+01	 0.15	 117.000	 1.200	 0.800	 1.000	 0.881	 3.000	 65520.000	 63.900	 0.96	 -0.63	 35661.949	 35661.949	 84991.695	 0.000	 0.120	 0.135 
1.069554e-01	 0.20	 0.14	 6.093362e-01	 1.200	 -1.224639e-04	 3.568778e+04	 35649.03	 84994.402	 -8.127	 -12.795	 0.136	 118.000	 1.300	 0.000	 1.000	 0.89	 3.00	 65520.000	 29.340	 0.957	 -0.633	 38808.406	 38808.406 
3.352006e+04	 0.00	 0.56	 1.466118e-01	 0.210	 1.255613e-01	 1.466118e-01	 0.15	 1.300	 0.800	 38818.594	 38803.311	 33523.011	 -8.845	 -4.537	 0.148	 119.00	 1.30	 0.100	 1.000	 0.886	 3.000	 65520.000	 33.250 
9.570000e-01	 -0.63	 41702.72	 4.170272e+04	 39054.742	 0	 4.979442e-01	 0.16	 0.215	 0.146	 0.157	 0.188	 1.300	 0.700	 41714.587	 41696.781	 39057.91	 -9.50	 -5.437	 0.158	 120.000	 1.300	 0.200	 1.000 
8.860000e-01	 3.00	 65520.00	 3.716000e+01	 0.957	 -6.330000e-01	 4.379507e+04	 43795.07	 44945.118	 0.000	 0.438	 0.165	 0.214	 0.165	 0.165	 0.231	 1.30	 0.60	 43808.731	 43788.240	 44948.444	 -9.981	 -6.392	 0.167 
121	 1.30	 0.30	 1	 0.885	 3	 65520	 41.09	 0.957	 -0.633	 45044.740	 45044.740	 51076.542	 0.000	 0.380	 0.170	 0.21	 0.18	 0.170	 0.279	 1.300	 0.500	 45060.263	 45036.978 
5.107996e+04	 -10.27	 -7.38	 1.716632e-01	 122.000	 1.300000e+00	 4.000000e-01	 1.00	 0.884	 3.000	 65520.000	 46.010	 0.957	 -0.633	 45386.350	 45386.350	 58897.73	 0.00	 0.311	 0.172	 0.192	 0.200	 0.172	 0.346 
1.299939e+00	 0.40	 45404.25	 4.537740e+04	 58901.175	 -1.034380e+01	 -8.639882e+00	 0.17	 123.000	 1.300	 0.500	 1.000	 0.884	 3.000	 65520.000	 49.970	 0.96	 -0.63	 44676.775	 44676.775	 65131.787	 0.000	 0.259	 0.169 
1.755180e-01	 0.21	 0.17	 4.034268e-01	 1.300	 2.998699e-01	 4.469657e+04	 44666.88	 65135.180	 -10.182	 -9.638	 0.170	 124.000	 1.300	 0.600	 1.000	 0.88	 3.00	 65520.000	 53.930	 0.957	 -0.633	 43107.354	 43107.354 
7.121399e+04	 0.00	 0.21	 1.622201e-01	 0.157	 2.135003e-01	 1.622201e-01	 0.46	 1.300	 0.200	 43128.997	 43096.532	 71217.259	 -9.824	 -10.609	 0.163	 125.00	 1.30	 0.700	 1.000	 0.882	 3.000	 65520.000	 58.910 
9.570000e-01	 -0.63	 39984.51	 3.998451e+04	 78423.300	 0	 1.621979e-01	 0.15	 0.132	 0.211	 0.150	 0.537	 1.300	 0.100	 40008.340	 39972.588	 78426.34	 -9.11	 -11.755	 0.151	 126.000	 1.300	 0.800	 1.000 
8.810000e-01	 3.00	 65520.00	 6.290000e+01	 0.957	 -6.330000e-01	 3.661663e+04	 36616.63	 83739.200	 0.000	 0.128	 0.138	 0.112	 0.201	 0.138	 0.595	 1.30	 -0.00	 36642.077	 36603.903	 83741.980	 -8.345	 -12.597	 0.139 
127	 1.40	 0.00	 1	 0.886	 3	 65520	 27.38	 0.957	 -0.633	 37077.538	 37077.538	 30920.104	 0.000	 0.586	 0.141	 0.21	 0.12	 0.141	 0.133	 1.400	 0.800	 37086.935	 37072.839 
3.092292e+04	 -8.45	 -4.11	 1.416777e-01	 128.000	 1.400000e+00	 1.000000e-01	 1.00	 0.886	 3.000	 65520.000	 31.290	 0.957	 -0.633	 40352.640	 40352.640	 36236.02	 0.00	 0.528	 0.152	 0.214	 0.136	 0.152	 0.168 
1.399962e+00	 0.70	 40363.65	 4.034713e+04	 36239.085	 -9.196871e+00	 -4.979221e+00	 0.15	 129.000	 1.400	 0.200	 1.000	 0.886	 3.000	 65520.000	 36.190	 0.96	 -0.63	 43349.668	 43349.668	 43445.349	 0.000	 0.453	 0.164 
2.144554e-01	 0.16	 0.16	 2.195380e-01	 1.400	 5.998623e-01	 4.336287e+04	 43343.07	 43448.641	 -9.880	 -6.149	 0.165	 130.000	 1.400	 0.300	 1.000	 0.89	 3.00	 65520.000	 40.110	 0.957	 -0.633	 44812.940	 44812.940 
4.952756e+04	 0.00	 0.39	 1.694311e-01	 0.209	 1.779037e-01	 1.694311e-01	 0.27	 1.400	 0.500	 44827.992	 44805.413	 49530.958	 -10.213	 -7.132	 0.171	 131.00	 1.40	 0.400	 1.000	 0.885	 3.000	 65520.000	 44.040 
9.570000e-01	 -0.63	 45413.72	 4.541372e+04	 55761.618	 0	 3.376934e-01	 0.17	 0.198	 0.193	 0.172	 0.319	 1.400	 0.400	 45430.663	 45405.242	 55765.07	 -10.35	 -8.136	 0.173	 132.000	 1.400	 0.500	 1.000 
8.840000e-01	 3.00	 65520.00	 4.799000e+01	 0.957	 -6.330000e-01	 4.514030e+04	 45140.30	 62026.198	 0.000	 0.284	 0.171	 0.184	 0.205	 0.171	 0.374	 1.40	 0.30	 45159.154	 45130.877	 62029.626	 -10.288	 -9.141	 0.172 
133	 1.40	 0.60	 1	 0.883	 3	 65520	 52.94	 0.957	 -0.633	 43578.931	 43578.931	 69714.219	 0.000	 0.224	 0.164	 0.16	 0.21	 0.164	 0.448	 1.400	 0.200	 43600.118	 43568.337 
6.971753e+04	 -9.93	 -10.37	 1.653754e-01	 134.000	 1.400000e+00	 7.000000e-01	 1.00	 0.882	 3.000	 65520.000	 56.920	 0.957	 -0.633	 41383.776	 41383.776	 75604.59	 0.00	 0.181	 0.155	 0.142	 0.213	 0.155	 0.508 
1.399916e+00	 0.10	 41406.75	 4.137229e+04	 75607.727	 -9.431215e+00	 -1.130759e+01	 0.16	 135.000	 1.400	 0.800	 1.000	 0.882	 3.000	 65520.000	 60.910	 0.96	 -0.63	 38392.871	 38392.871	 81139.249	 0.000	 0.144	 0.144 
1.221012e-01	 0.21	 0.14	 5.666711e-01	 1.400	 -1.376591e-04	 3.841753e+04	 38380.54	 81142.164	 -8.749	 -12.186	 0.146	 136.000	 1.500	 0.000	 1.000	 0.89	 3.00	 65520.000	 26.410	 0.957	 -0.633	 36144.717	 36144.717 
2.966760e+04	 0.00	 0.60	 1.374815e-01	 0.203	 1.105259e-01	 1.374815e-01	 0.13	 1.500	 0.800	 36153.734	 36140.208	 29670.350	 -8.238	 -3.909	 0.139	 137.00	 1.50	 0.100	 1.000	 0.886	 3.000	 65520.000	 30.320 
9.570000e-01	 -0.63	 39604.34	 3.960434e+04	 34864.356	 0	 5.423485e-01	 0.15	 0.212	 0.131	 0.149	 0.159	 1.500	 0.700	 39614.940	 39599.045	 34867.36	 -9.03	 -4.756	 0.151	 138.000	 1.500	 0.200	 1.000 
8.860000e-01	 3.00	 65520.00	 3.423000e+01	 0.957	 -6.330000e-01	 4.230285e+04	 42302.85	 40498.366	 0.000	 0.483	 0.160	 0.215	 0.150	 0.160	 0.198	 1.50	 0.60	 42315.162	 42296.699	 40501.579	 -9.641	 -5.672	 0.161 
139	 1.50	 0.30	 1	 0.886	 3	 65520	 38.14	 0.957	 -0.633	 44187.725	 44187.725	 46459.975	 0.000	 0.424	 0.167	 0.21	 0.17	 0.167	 0.243	 1.500	 0.500	 44201.845	 44180.664 
4.646333e+04	 -10.07	 -6.64	 1.681996e-01	 140.000	 1.500000e+00	 4.000000e-01	 1.00	 0.885	 3.000	 65520.000	 43.060	 0.957	 -0.633	 45345.311	 45345.311	 54195.47	 0.00	 0.352	 0.172	 0.201	 0.190	 0.172	 0.305 
1.499939e+00	 0.40	 45361.78	 4.533707e+04	 54198.917	 -1.033453e+01	 -7.884313e+00	 0.17	 141.000	 1.500	 0.500	 1.000	 0.884	 3.000	 65520.000	 47.000	 0.96	 -0.63	 45290.612	 45290.612	 60463.872	 0.000	 0.297	 0.171 
1.878100e-01	 0.20	 0.17	 3.601920e-01	 1.500	 2.998547e-01	 4.530899e+04	 45281.42	 60467.311	 -10.322	 -8.891	 0.173	 142.000	 1.500	 0.600	 1.000	 0.88	 3.00	 65520.000	 50.960	 0.957	 -0.633	 44364.119	 44364.119 
6.667127e+04	 0.00	 0.25	 1.673318e-01	 0.171	 2.106873e-01	 1.673318e-01	 0.42	 1.500	 0.200	 44384.381	 44353.987	 66674.635	 -10.111	 -9.884	 0.169	 143.00	 1.50	 0.700	 1.000	 0.882	 3.000	 65520.000	 55.920 
9.570000e-01	 -0.63	 42009.11	 4.200911e+04	 74160.963	 0	 1.915369e-01	 0.16	 0.147	 0.214	 0.158	 0.493	 1.500	 0.100	 42031.647	 41997.838	 74164.15	 -9.57	 -11.078	 0.159	 144.000	 1.500	 0.800	 1.000 
8.820000e-01	 3.00	 65520.00	 5.991000e+01	 0.957	 -6.330000e-01	 3.921227e+04	 39212.27	 79794.960	 0.000	 0.153	 0.147	 0.127	 0.209	 0.147	 0.552	 1.50	 -0.00	 39236.522	 39200.145	 79797.937	 -8.936	 -11.973	 0.149 
145	 1.60	 0.00	 1	 0.885	 3	 65520	 24.45	 0.957	 -0.633	 34149.984	 34149.984	 27265.197	 0.000	 0.627	 0.131	 0.20	 0.10	 0.131	 0.110	 1.600	 0.800	 34158.271	 34145.840 
2.726779e+04	 -7.78	 -3.52	 1.320419e-01	 146.000	 1.600000e+00	 1.000000e-01	 1.00	 0.886	 3.000	 65520.000	 28.360	 0.957	 -0.633	 37965.795	 37965.795	 32204.78	 0.00	 0.571	 0.144	 0.208	 0.121	 0.144	 0.141 
1.599962e+00	 0.70	 37975.58	 3.796090e+04	 32207.662	 -8.652912e+00	 -4.322806e+00	 0.14	 147.000	 1.600	 0.200	 1.000	 0.886	 3.000	 65520.000	 33.250	 0.96	 -0.63	 41702.717	 41702.717	 39054.742	 0.000	 0.498	 0.157 
2.150186e-01	 0.15	 0.16	 1.875803e-01	 1.600	 5.998471e-01	 4.171459e+04	 41696.78	 39057.909	 -9.505	 -5.437	 0.158	 148.000	 1.600	 0.300	 1.000	 0.89	 3.00	 65520.000	 37.160	 0.957	 -0.633	 43795.071	 43795.071 
4.494512e+04	 0.00	 0.44	 1.653619e-01	 0.214	 1.646751e-01	 1.653619e-01	 0.23	 1.600	 0.500	 43808.731	 43788.240	 44948.444	 -9.981	 -6.392	 0.167	 149.00	 1.60	 0.400	 1.000	 0.885	 3.000	 65520.000	 41.090 
9.570000e-01	 -0.63	 45044.74	 4.504474e+04	 51076.542	 0	 3.799671e-01	 0.17	 0.207	 0.182	 0.170	 0.279	 1.600	 0.400	 45060.263	 45036.978	 51079.96	 -10.27	 -7.382	 0.172	 150.000	 1.600	 0.500	 1.000 
8.850000e-01	 3.00	 65520.00	 4.503000e+01	 0.957	 -6.330000e-01	 4.542740e+04	 45427.40	 57329.673	 0.000	 0.324	 0.172	 0.195	 0.197	 0.172	 0.332	 1.60	 0.30	 45444.826	 45418.689	 57333.123	 -10.353	 -8.388	 0.173 
151	 1.60	 0.60	 1	 0.884	 3	 65520	 49.97	 0.957	 -0.633	 44676.775	 44676.775	 65131.787	 0.000	 0.259	 0.169	 0.18	 0.21	 0.169	 0.403	 1.600	 0.200	 44696.570	 44666.877 
6.513518e+04	 -10.18	 -9.64	 1.699220e-01	 152.000	 1.600000e+00	 7.000000e-01	 1.00	 0.883	 3.000	 65520.000	 53.930	 0.957	 -0.633	 43107.354	 43107.354	 71213.99	 0.00	 0.213	 0.162	 0.157	 0.214	 0.162	 0.463 
1.599916e+00	 0.10	 43129.00	 4.309653e+04	 71217.259	 -9.824142e+00	 -1.060905e+01	 0.16	 153.000	 1.600	 0.800	 1.000	 0.882	 3.000	 65520.000	 57.910	 0.96	 -0.63	 40708.635	 40708.635	 77025.941	 0.000	 0.172	 0.153 
1.373093e-01	 0.21	 0.15	 5.225392e-01	 1.600	 -1.528543e-04	 4.073204e+04	 40696.93	 77029.032	 -9.277	 -11.533	 0.154	 154.000	 1.700	 0.000	 1.000	 0.89	 3.00	 65520.000	 23.470	 0.957	 -0.633	 33090.501	 33090.501 
2.611822e+04	 0.00	 0.64	 1.277878e-01	 0.191	 9.575881e-02	 1.277878e-01	 0.10	 1.700	 0.800	 33098.439	 33086.531	 26120.729	 -7.542	 -3.329	 0.129	 155.00	 1.70	 0.100	 1.000	 0.886	 3.000	 65520.000	 27.380 
9.570000e-01	 -0.63	 37077.54	 3.707754e+04	 30920.104	 0	 5.857496e-01	 0.14	 0.206	 0.116	 0.141	 0.133	 1.700	 0.700	 37086.935	 37072.839	 30922.92	 -8.45	 -4.113	 0.142	 156.000	 1.700	 0.200	 1.000 
8.860000e-01	 3.00	 65520.00	 3.129000e+01	 0.957	 -6.330000e-01	 4.035264e+04	 40352.64	 36236.020	 0.000	 0.528	 0.152	 0.214	 0.136	 0.152	 0.168	 1.70	 0.60	 40363.653	 40347.133	 36239.085	 -9.197	 -4.979	 0.153 
157	 1.70	 0.30	 1	 0.886	 3	 65520	 35.21	 0.957	 -0.633	 42852.061	 42852.061	 41962.497	 0.000	 0.468	 0.162	 0.22	 0.16	 0.162	 0.209	 1.700	 0.500	 42864.814	 42845.683 
4.196575e+04	 -9.77	 -5.91	 1.628931e-01	 158.000	 1.700000e+00	 4.000000e-01	 1.00	 0.885	 3.000	 65520.000	 40.110	 0.957	 -0.633	 44812.940	 44812.940	 49527.56	 0.00	 0.394	 0.169	 0.209	 0.178	 0.169	 0.267 
1.699939e+00	 0.40	 44827.99	 4.480541e+04	 49530.958	 -1.021327e+01	 -7.132201e+00	 0.17	 159.000	 1.700	 0.500	 1.000	 0.885	 3.000	 65520.000	 44.040	 0.96	 -0.63	 45413.716	 45413.716	 55761.618	 0.000	 0.338	 0.172 
1.983179e-01	 0.19	 0.17	 3.186610e-01	 1.700	 2.998395e-01	 4.543066e+04	 45405.24	 55765.067	 -10.350	 -8.136	 0.173	 160.000	 1.700	 0.600	 1.000	 0.88	 3.00	 65520.000	 47.990	 0.957	 -0.633	 45140.303	 45140.303 
6.202620e+04	 0.00	 0.28	 1.705905e-01	 0.184	 2.049014e-01	 1.705905e-01	 0.37	 1.700	 0.200	 45159.154	 45130.877	 62029.626	 -10.288	 -9.141	 0.172	 161.00	 1.70	 0.700	 1.000	 0.883	 3.000	 65520.000	 52.940 
9.570000e-01	 -0.63	 43578.93	 4.357893e+04	 69714.219	 0	 2.239603e-01	 0.16	 0.162	 0.213	 0.164	 0.448	 1.700	 0.100	 43600.118	 43568.337	 69717.53	 -9.93	 -10.370	 0.165	 162.000	 1.700	 0.800	 1.000 
8.820000e-01	 3.00	 65520.00	 5.692000e+01	 0.957	 -6.330000e-01	 4.138378e+04	 41383.78	 75604.585	 0.000	 0.181	 0.155	 0.142	 0.213	 0.155	 0.508	 1.70	 -0.00	 41406.753	 41372.287	 75607.727	 -9.431	 -11.308	 0.157 
163	 1.80	 0.00	 1	 0.885	 3	 65520	 21.51	 0.957	 -0.633	 30853.756	 30853.756	 23939.682	 0.000	 0.667	 0.121	 0.18	 0.09	 0.121	 0.091	 1.800	 0.800	 30861.032	 30850.117 
2.394203e+04	 -7.03	 -2.97	 1.221078e-01	 164.000	 1.800000e+00	 1.000000e-01	 1.00	 0.885	 3.000	 65520.000	 25.430	 0.957	 -0.633	 35168.469	 35168.469	 28448.81	 0.00	 0.614	 0.134	 0.199	 0.106	 0.134	 0.118 
1.799962e+00	 0.70	 35177.12	 3.516415e+04	 28451.479	 -8.015388e+00	 -3.709709e+00	 0.14	 165.000	 1.800	 0.200	 1.000	 0.886	 3.000	 65520.000	 30.320	 0.96	 -0.63	 39604.344	 39604.344	 34864.356	 0.000	 0.542	 0.149 
2.121539e-01	 0.13	 0.15	 1.587289e-01	 1.800	 5.998319e-01	 3.961494e+04	 39599.05	 34867.364	 -9.026	 -4.756	 0.151	 166.000	 1.800	 0.300	 1.000	 0.89	 3.00	 65520.000	 34.230	 0.957	 -0.633	 42302.854	 42302.854 
4.049837e+04	 0.00	 0.48	 1.595312e-01	 0.215	 1.504366e-01	 1.595312e-01	 0.20	 1.800	 0.500	 42315.162	 42296.699	 40501.579	 -9.641	 -5.672	 0.161	 167.00	 1.80	 0.400	 1.000	 0.886	 3.000	 65520.000	 38.140 
9.570000e-01	 -0.63	 44187.72	 4.418772e+04	 46459.975	 0	 4.236438e-01	 0.17	 0.212	 0.169	 0.167	 0.243	 1.800	 0.400	 44201.845	 44180.664	 46463.33	 -10.07	 -6.637	 0.168	 168.000	 1.800	 0.500	 1.000 
8.850000e-01	 3.00	 65520.00	 4.207000e+01	 0.957	 -6.330000e-01	 4.522227e+04	 45222.27	 52633.146	 0.000	 0.366	 0.171	 0.204	 0.186	 0.171	 0.292	 1.80	 0.30	 45238.265	 45214.270	 52636.580	 -10.307	 -7.633	 0.172 
169	 1.80	 0.60	 1	 0.884	 3	 65520	 47.00	 0.957	 -0.633	 45290.612	 45290.612	 60463.872	 0.000	 0.297	 0.171	 0.19	 0.20	 0.171	 0.360	 1.800	 0.200	 45308.988	 45281.423 
6.046731e+04	 -10.32	 -8.89	 1.725452e-01	 170.000	 1.800000e+00	 7.000000e-01	 1.00	 0.883	 3.000	 65520.000	 50.960	 0.957	 -0.633	 44364.119	 44364.119	 66671.27	 0.00	 0.247	 0.167	 0.171	 0.211	 0.167	 0.418 
1.799916e+00	 0.10	 44384.38	 4.435399e+04	 66674.635	 -1.011067e+01	 -9.884402e+00	 0.17	 171.000	 1.800	 0.800	 1.000	 0.883	 3.000	 65520.000	 54.930	 0.96	 -0.63	 42583.867	 42583.867	 72696.836	 0.000	 0.202	 0.160 
1.522510e-01	 0.21	 0.16	 4.777108e-01	 1.800	 -1.680495e-04	 4.260596e+04	 42572.82	 72700.069	 -9.705	 -10.845	 0.161	 172.000	 1.900	 0.000	 1.000	 0.89	 3.00	 65520.000	 20.530	 0.957	 -0.633	 29679.219	 29679.219 
2.291078e+04	 0.00	 0.68	 1.179470e-01	 0.176	 8.147024e-02	 1.179470e-01	 0.09	 1.900	 0.800	 29686.182	 29675.737	 22913.039	 -6.764	 -2.803	 0.119	 173.00	 1.90	 0.100	 1.000	 0.885	 3.000	 65520.000	 24.450 
9.570000e-01	 -0.63	 34149.98	 3.414998e+04	 27265.197	 0	 6.274050e-01	 0.13	 0.196	 0.101	 0.131	 0.110	 1.900	 0.700	 34158.271	 34145.840	 27267.79	 -7.78	 -3.516	 0.132	 174.000	 1.900	 0.200	 1.000 
8.860000e-01	 3.00	 65520.00	 2.836000e+01	 0.957	 -6.330000e-01	 3.796579e+04	 37965.79	 32204.778	 0.000	 0.571	 0.144	 0.208	 0.121	 0.144	 0.141	 1.90	 0.60	 37975.583	 37960.900	 32207.662	 -8.653	 -4.323	 0.145 
175	 1.90	 0.30	 1	 0.886	 3	 65520	 32.27	 0.957	 -0.633	 41052.382	 41052.382	 37633.383	 0.000	 0.513	 0.155	 0.21	 0.14	 0.155	 0.178	 1.900	 0.500	 41063.820	 41046.662 
3.763650e+04	 -9.36	 -5.21	 1.559718e-01	 176.000	 1.900000e+00	 4.000000e-01	 1.00	 0.886	 3.000	 65520.000	 37.160	 0.957	 -0.633	 43795.071	 43795.071	 44945.12	 0.00	 0.438	 0.165	 0.214	 0.165	 0.165	 0.231 
1.899939e+00	 0.40	 43808.73	 4.378824e+04	 44948.444	 -9.981347e+00	 -6.391854e+00	 0.17	 177.000	 1.900	 0.500	 1.000	 0.885	 3.000	 65520.000	 41.090	 0.96	 -0.63	 45044.740	 45044.740	 51076.542	 0.000	 0.380	 0.170 
2.066137e-01	 0.18	 0.17	 2.793066e-01	 1.900	 2.998244e-01	 4.506026e+04	 45036.98	 51079.963	 -10.266	 -7.382	 0.172	 178.000	 1.900	 0.600	 1.000	 0.89	 3.00	 65520.000	 45.030	 0.957	 -0.633	 45427.402	 45427.402 
5.732967e+04	 0.00	 0.32	 1.718558e-01	 0.195	 1.965158e-01	 1.718558e-01	 0.33	 1.900	 0.200	 45444.826	 45418.689	 57333.123	 -10.353	 -8.388	 0.173	 179.00	 1.90	 0.700	 1.000	 0.884	 3.000	 65520.000	 49.970 
9.570000e-01	 -0.63	 44676.78	 4.467678e+04	 65131.787	 0	 2.593080e-01	 0.17	 0.176	 0.209	 0.169	 0.403	 1.900	 0.100	 44696.570	 44666.877	 65135.18	 -10.18	 -9.638	 0.170	 180.000	 1.900	 0.800	 1.000 
8.830000e-01	 3.00	 65520.00	 5.393000e+01	 0.957	 -6.330000e-01	 4.310735e+04	 43107.35	 71213.986	 0.000	 0.213	 0.162	 0.157	 0.214	 0.162	 0.463	 1.90	 -0.00	 43128.997	 43096.532	 71217.259	 -9.824	 -10.609	 0.163 
