1	1	1	3
2	1	1	10
3	1	1	29
4	1	1	66
5	1	1	127
6	1	1	218
7	1	1	345
8	1	1	514
1	2	1	18
2	2	1	25
3	2	1	44
4	2	1	81
5	2	1	142
6	2	1	233
7	2	1	360
8	2	1	529
1	3	1	83
2	3	1	90
3	3	1	109
4	3	1	146
5	3	1	207
6	3	1	298
7	3	1	425
8	3	1	594
1	4	1	258
2	4	1	265
3	4	1	284
4	4	1	321
5	4	1	382
6	4	1	473
7	4	1	600
8	4	1	769
1	5	1	627
2	5	1	634
3	5	1	653
4	5	1	690
5	5	1	751
6	5	1	842
7	5	1	969
8	5	1	1138
1	6	1	1298
2	6	1	1305
3	6	1	1324
4	6	1	1361
5	6	1	1422
6	6	1	1513
7	6	1	1640
8	6	1	1809
1	7	1	2403
2	7	1	2410
3	7	1	2429
4	7	1	2466
5	7	1	2527
6	7	1	2618
7	7	1	2745
8	7	1	2914
1	8	1	4098
2	8	1	4105
3	8	1	4124
4	8	1	4161
5	8	1	4222
6	8	1	4313
7	8	1	4440
8	8	1	4609
1	9	1	6563
2	9	1	6570
3	9	1	6589
4	9	1	6626
5	9	1	6687
6	9	1	6778
7	9	1	6905
8	9	1	7074
1	10	1	10002
2	10	1	10009
3	10	1	10028
4	10	1	10065
5	10	1	10126
6	10	1	10217
7	10	1	10344
8	10	1	10513
1	1	2	6
2	1	2	13
3	1	2	32
4	1	2	69
5	1	2	130
6	1	2	221
7	1	2	348
8	1	2	517
1	2	2	21
2	2	2	28
3	2	2	47
4	2	2	84
5	2	2	145
6	2	2	236
7	2	2	363
8	2	2	532
1	3	2	86
2	3	2	93
3	3	2	112
4	3	2	149
5	3	2	210
6	3	2	301
7	3	2	428
8	3	2	597
1	4	2	261
2	4	2	268
3	4	2	287
4	4	2	324
5	4	2	385
6	4	2	476
7	4	2	603
8	4	2	772
1	5	2	630
2	5	2	637
3	5	2	656
4	5	2	693
5	5	2	754
6	5	2	845
7	5	2	972
8	5	2	1141
1	6	2	1301
2	6	2	1308
3	6	2	1327
4	6	2	1364
5	6	2	1425
6	6	2	1516
7	6	2	1643
8	6	2	1812
1	7	2	2406
2	7	2	2413
3	7	2	2432
4	7	2	2469
5	7	2	2530
6	7	2	2621
7	7	2	2748
8	7	2	2917
1	8	2	4101
2	8	2	4108
3	8	2	4127
4	8	2	4164
5	8	2	4225
6	8	2	4316
7	8	2	4443
8	8	2	4612
1	9	2	6566
2	9	2	6573
3	9	2	6592
4	9	2	6629
5	9	2	6690
6	9	2	6781
7	9	2	6908
8	9	2	7077
1	10	2	10005
2	10	2	10012
3	10	2	10031
4	10	2	10068
5	10	2	10129
6	10	2	10220
7	10	2	10347
8	10	2	10516
1	1	3	11
2	1	3	18
3	1	3	37
4	1	3	74
5	1	3	135
6	1	3	226
7	1	3	353
8	1	3	522
1	2	3	26
2	2	3	33
3	2	3	52
4	2	3	89
5	2	3	150
6	2	3	241
7	2	3	368
8	2	3	537
1	3	3	91
2	3	3	98
3	3	3	117
4	3	3	154
5	3	3	215
6	3	3	306
7	3	3	433
8	3	3	602
1	4	3	266
2	4	3	273
3	4	3	292
4	4	3	329
5	4	3	390
6	4	3	481
7	4	3	608
8	4	3	777
1	5	3	635
2	5	3	642
3	5	3	661
4	5	3	698
5	5	3	759
6	5	3	850
7	5	3	977
8	5	3	1146
1	6	3	1306
2	6	3	1313
3	6	3	1332
4	6	3	1369
5	6	3	1430
6	6	3	1521
7	6	3	1648
8	6	3	1817
1	7	3	2411
2	7	3	2418
3	7	3	2437
4	7	3	2474
5	7	3	2535
6	7	3	2626
7	7	3	2753
8	7	3	2922
1	8	3	4106
2	8	3	4113
3	8	3	4132
4	8	3	4169
5	8	3	4230
6	8	3	4321
7	8	3	4448
8	8	3	4617
1	9	3	6571
2	9	3	6578
3	9	3	6597
4	9	3	6634
5	9	3	6695
6	9	3	6786
7	9	3	6913
8	9	3	7082
1	10	3	10010
2	10	3	10017
3	10	3	10036
4	10	3	10073
5	10	3	10134
6	10	3	10225
7	10	3	10352
8	10	3	10521
1	1	4	18
2	1	4	25
3	1	4	44
4	1	4	81
5	1	4	142
6	1	4	233
7	1	4	360
8	1	4	529
1	2	4	33
2	2	4	40
3	2	4	59
4	2	4	96
5	2	4	157
6	2	4	248
7	2	4	375
8	2	4	544
1	3	4	98
2	3	4	105
3	3	4	124
4	3	4	161
5	3	4	222
6	3	4	313
7	3	4	440
8	3	4	609
1	4	4	273
2	4	4	280
3	4	4	299
4	4	4	336
5	4	4	397
6	4	4	488
7	4	4	615
8	4	4	784
1	5	4	642
2	5	4	649
3	5	4	668
4	5	4	705
5	5	4	766
6	5	4	857
7	5	4	984
8	5	4	1153
1	6	4	1313
2	6	4	1320
3	6	4	1339
4	6	4	1376
5	6	4	1437
6	6	4	1528
7	6	4	1655
8	6	4	1824
1	7	4	2418
2	7	4	2425
3	7	4	2444
4	7	4	2481
5	7	4	2542
6	7	4	2633
7	7	4	2760
8	7	4	2929
1	8	4	4113
2	8	4	4120
3	8	4	4139
4	8	4	4176
5	8	4	4237
6	8	4	4328
7	8	4	4455
8	8	4	4624
1	9	4	6578
2	9	4	6585
3	9	4	6604
4	9	4	6641
5	9	4	6702
6	9	4	6793
7	9	4	6920
8	9	4	7089
1	10	4	10017
2	10	4	10024
3	10	4	10043
4	10	4	10080
5	10	4	10141
6	10	4	10232
7	10	4	10359
8	10	4	10528
1	1	5	27
2	1	5	34
3	1	5	53
4	1	5	90
5	1	5	151
6	1	5	242
7	1	5	369
8	1	5	538
1	2	5	42
2	2	5	49
3	2	5	68
4	2	5	105
5	2	5	166
6	2	5	257
7	2	5	384
8	2	5	553
1	3	5	107
2	3	5	114
3	3	5	133
4	3	5	170
5	3	5	231
6	3	5	322
7	3	5	449
8	3	5	618
1	4	5	282
2	4	5	289
3	4	5	308
4	4	5	345
5	4	5	406
6	4	5	497
7	4	5	624
8	4	5	793
1	5	5	651
2	5	5	658
3	5	5	677
4	5	5	714
5	5	5	775
6	5	5	866
7	5	5	993
8	5	5	1162
1	6	5	1322
2	6	5	1329
3	6	5	1348
4	6	5	1385
5	6	5	1446
6	6	5	1537
7	6	5	1664
8	6	5	1833
1	7	5	2427
2	7	5	2434
3	7	5	2453
4	7	5	2490
5	7	5	2551
6	7	5	2642
7	7	5	2769
8	7	5	2938
1	8	5	4122
2	8	5	4129
3	8	5	4148
4	8	5	4185
5	8	5	4246
6	8	5	4337
7	8	5	4464
8	8	5	4633
1	9	5	6587
2	9	5	6594
3	9	5	6613
4	9	5	6650
5	9	5	6711
6	9	5	6802
7	9	5	6929
8	9	5	7098
1	10	5	10026
2	10	5	10033
3	10	5	10052
4	10	5	10089
5	10	5	10150
6	10	5	10241
7	10	5	10368
8	10	5	10537
